FRAME1
FRAME2
FRAME3
FRAME4
FRAME5
FRAME6
FRAME7
FRAME8
FRAME9
FRAME10
FRAME11
42.39941831310871 16.517214659461196 0.13467525564727684
FRAME12
42.39941831310871 16.517214659461196 0.13467525564727684
FRAME13
44.13504559181204 16.973178632562977 0.42964117151816106
FRAME14
44.13504559181204 16.973178632562977 0.42964117151816106
FRAME15
47.54022176112492 18.865927022950135 0.913316275921066
FRAME16
47.54022176112492 18.865927022950135 0.913316275921066
FRAME17
50.13933613475981 23.310976341730225 1.1452056793508831
FRAME18
50.13933613475981 23.310976341730225 1.1452056793508831
FRAME19
50.85387155894397 27.66304995577 1.5224352933295004
FRAME20
50.85387155894397 27.66304995577 1.5224352933295004
FRAME21
50.85387155894397 27.66304995577 1.5224352933295004
FRAME22
50.85387155894397 27.66304995577 1.5224352933295004
FRAME23
50.85387155894397 27.66304995577 1.5224352933295004
FRAME24
50.85387155894397 27.66304995577 1.5224352933295004
42.0 16.5 0.0
FRAME25
50.85387155894397 27.66304995577 1.5224352933295004
42.0 16.5 0.0
FRAME26
50.85387155894397 27.66304995577 1.5224352933295004
43.1068934764331 16.648511304814107 0.2594484449734259
FRAME27
50.85387155894397 27.66304995577 1.5224352933295004
43.1068934764331 16.648511304814107 0.2594484449734259
FRAME28
50.85387155894397 27.66304995577 1.5224352933295004
46.113533773481905 17.296320377294453 0.21981032976749573
FRAME29
50.85387155894397 27.66304995577 1.5224352933295004
46.113533773481905 17.296320377294453 0.21981032976749573
FRAME30
50.85387155894397 27.66304995577 1.5224352933295004
50.801415038133705 18.276640596607656 0.6843487747195087
FRAME31
50.85387155894397 27.66304995577 1.5224352933295004
50.801415038133705 18.276640596607656 0.6843487747195087
FRAME32
50.85387155894397 27.66304995577 1.5224352933295004
54.96277927701642 21.270074714242657 1.0419466665100854
FRAME33
50.85387155894397 27.66304995577 1.5224352933295004
54.96277927701642 21.270074714242657 1.0419466665100854
FRAME34
50.85387155894397 27.66304995577 1.5224352933295004
56.54853093680314 26.145764044518632 1.3619136938005725
FRAME35
50.85387155894397 27.66304995577 1.5224352933295004
56.54853093680314 26.145764044518632 1.3619136938005725
FRAME1
FRAME2
FRAME3
FRAME4
FRAME5
FRAME6
FRAME7
FRAME8
FRAME9
FRAME10
FRAME11
42.59760731017639 16.544068362293437 0.17958566775713602
FRAME12
42.59760731017639 16.544068362293437 0.17958566775713602
FRAME13
44.53505630945426 17.15645826039968 0.4173161271347903
FRAME14
44.53505630945426 17.15645826039968 0.4173161271347903
FRAME15
46.99533169482726 18.45911651040457 0.6413163573812353
FRAME16
46.99533169482726 18.45911651040457 0.6413163573812353
FRAME17
49.7619290564516 21.909410730469823 1.1612055426141434
FRAME18
49.7619290564516 21.909410730469823 1.1612055426141434
FRAME19
50.84658962724222 26.919144284727224 1.5610078557387146
FRAME20
50.85387155894397 27.66304995577 1.5224352933295004
FRAME21
50.85387155894397 27.66304995577 1.5224352933295004
FRAME22
50.85387155894397 27.66304995577 1.5224352933295004
FRAME23
50.85387155894397 27.66304995577 1.5224352933295004
FRAME24
50.85387155894397 27.66304995577 1.5224352933295004
42.0 16.5 0
FRAME25
50.85387155894397 27.66304995577 1.5224352933295004
42.0 16.5 0
FRAME26
50.85387155894397 27.66304995577 1.5224352933295004
42.83374757855736 16.586937623021278 0.22171811751876405
FRAME27
50.85387155894397 27.66304995577 1.5224352933295004
42.83374757855736 16.586937623021278 0.22171811751876405
FRAME1
FRAME2
FRAME3
FRAME4
FRAME5
FRAME6
FRAME7
FRAME8
FRAME9
FRAME10
FRAME11
FRAME12
FRAME13
FRAME14
FRAME15
FRAME16
FRAME17
FRAME18
FRAME19
42.83374757855736 16.586937623021278 0.22171811751876405
FRAME20
42.83374757855736 16.586937623021278 0.22171811751876405
FRAME21
45.40028331114227 17.648605793169487 0.40131631587399785
FRAME22
45.40028331114227 17.648605793169487 0.40131631587399785
FRAME23
49.46912409785033 21.215470527904053 1.1715156947100296
FRAME24
49.46912409785033 21.215470527904053 1.1715156947100296
FRAME25
50.642395902352796 26.176446846257083 1.3024902906989204
FRAME26
50.94348216391682 30.642355132446085 1.55360055375114
FRAME27
50.94348216391682 30.642355132446085 1.55360055375114
FRAME28
50.94348216391682 30.642355132446085 1.55360055375114
FRAME29
50.94348216391682 30.642355132446085 1.55360055375114
FRAME30
50.94348216391682 30.642355132446085 1.55360055375114
FRAME31
50.94348216391682 30.642355132446085 1.55360055375114
FRAME32
50.94348216391682 30.642355132446085 1.55360055375114
42.0 16.5 0
FRAME33
50.94348216391682 30.642355132446085 1.55360055375114
42.83374757855736 16.586937623021278 0.22171811751876405
FRAME34
50.94348216391682 30.642355132446085 1.55360055375114
42.83374757855736 16.586937623021278 0.22171811751876405
FRAME35
50.94348216391682 30.642355132446085 1.55360055375114
44.5907597202135 16.962649455601312 0.2658475586586284
FRAME36
50.94348216391682 30.642355132446085 1.55360055375114
44.5907597202135 16.962649455601312 0.2658475586586284
FRAME37
50.94348216391682 30.642355132446085 1.55360055375114
47.880197925671865 18.01654105766737 0.7377382952005165
FRAME38
50.94348216391682 30.642355132446085 1.55360055375114
47.880197925671865 18.01654105766737 0.7377382952005165
FRAME39
50.94348216391682 30.642355132446085 1.55360055375114
47.880197925671865 18.01654105766737 0.7377382952005165
FRAME40
50.94348216391682 30.642355132446085 1.55360055375114
47.880197925671865 18.01654105766737 0.7377382952005165
FRAME41
50.94348216391682 30.642355132446085 1.55360055375114
51.72499241048725 20.877041709219082 1.0228439041495536
FRAME42
50.94348216391682 30.642355132446085 1.55360055375114
51.72499241048725 20.877041709219082 1.0228439041495536
FRAME43
50.94348216391682 30.642355132446085 1.55360055375114
53.38430725653631 24.276912168477274 1.3982128047437385
FRAME44
50.94348216391682 30.642355132446085 1.55360055375114
53.86883871578668 28.549430753973706 1.563693049183644
FRAME45
50.94348216391682 30.642355132446085 1.55360055375114
53.96936991813068 33.00132655548941 1.5641377448260732
FRAME46
50.94348216391682 30.642355132446085 1.55360055375114
53.96936991813068 33.00132655548941 1.5641377448260732
FRAME47
50.94348216391682 30.642355132446085 1.55360055375114
53.196153710622895 39.62767556684348 2.1825707942384027
FRAME48
50.94348216391682 30.642355132446085 1.55360055375114
53.196153710622895 39.62767556684348 2.1825707942384027
FRAME49
50.94348216391682 30.642355132446085 1.55360055375114
49.856907038006554 43.52984261212974 2.6005356768120604
FRAME50
50.94348216391682 30.642355132446085 1.55360055375114
49.856907038006554 43.52984261212974 2.6005356768120604
FRAME51
50.94348216391682 30.642355132446085 1.55360055375114
45.58801146441701 44.63506704113458 -3.3732593301632194
FRAME52
50.94348216391682 30.642355132446085 1.55360055375114
45.58801146441701 44.63506704113458 -3.3732593301632194
FRAME53
50.94348216391682 30.642355132446085 1.55360055375114
45.58801146441701 44.63506704113458 -3.3732593301632194
FRAME54
50.94348216391682 30.642355132446085 1.55360055375114
45.58801146441701 44.63506704113458 -3.3732593301632194
FRAME55
50.94348216391682 30.642355132446085 1.55360055375114
41.259459629466654 45.39174912089927 -3.1818056135694968
42.0 16.5 0.0
FRAME56
50.94348216391682 30.642355132446085 1.55360055375114
38.56373610573394 46.059678724840225 -3.4138119887974407
42.39941831310871 16.517214659461196 0.13467525564727684
FRAME57
50.94348216391682 30.642355132446085 1.55360055375114
38.56373610573394 46.059678724840225 -3.4138119887974407
42.39941831310871 16.517214659461196 0.13467525564727684
FRAME58
50.94348216391682 30.642355132446085 1.55360055375114
38.56373610573394 46.059678724840225 -3.4138119887974407
42.39941831310871 16.517214659461196 0.13467525564727684
FRAME59
50.94348216391682 30.642355132446085 1.55360055375114
36.97827198578322 46.736520867175535 -3.7863615938109274
43.1068934764331 16.648511304814107 0.2594484449734259
FRAME60
50.94348216391682 30.642355132446085 1.55360055375114
36.97827198578322 46.736520867175535 -3.7863615938109274
43.1068934764331 16.648511304814107 0.2594484449734259
FRAME61
50.94348216391682 30.642355132446085 1.55360055375114
35.322038474281044 47.9968957168848 -3.9210626247317384
44.5907597202135 16.962649455601312 0.2658475586586284
FRAME62
50.94348216391682 30.642355132446085 1.55360055375114
35.322038474281044 47.9968957168848 -3.9210626247317384
44.5907597202135 16.962649455601312 0.2658475586586284
FRAME63
50.94348216391682 30.642355132446085 1.55360055375114
34.64485773486836 48.70245548024609 -3.9896829846923936
46.69909706158952 17.427147088239984 0.45980982926911684
FRAME64
50.94348216391682 30.642355132446085 1.55360055375114
34.64485773486836 48.70245548024609 -3.9896829846923936
46.69909706158952 17.427147088239984 0.45980982926911684
FRAME65
50.94348216391682 30.642355132446085 1.55360055375114
34.054556762099395 49.40457002425808 -4.045964878680349
49.09741806532378 18.831219244716227 0.7537383298293745
FRAME66
50.94348216391682 30.642355132446085 1.55360055375114
33.810077868194824 49.72123747649607 -4.069787618332117
52.14411673067924 21.563802595019194 0.9861014795642201
FRAME67
50.94348216391682 30.642355132446085 1.55360055375114
33.810077868194824 49.72123747649607 -4.069787618332117
52.14411673067924 21.563802595019194 0.9861014795642201
FRAME68
50.94348216391682 30.642355132446085 1.55360055375114
33.810077868194824 49.72123747649607 -4.069787618332117
52.14411673067924 21.563802595019194 0.9861014795642201
FRAME69
50.94348216391682 30.642355132446085 1.55360055375114
33.68793353892746 49.885722081846986 -4.081130295560729
53.38430725653631 24.276912168477274 1.3982128047437385
FRAME70
50.94348216391682 30.642355132446085 1.55360055375114
33.68793353892746 49.885722081846986 -4.081130295560729
53.86883871578668 28.549430753973706 1.563693049183644
FRAME71
50.94348216391682 30.642355132446085 1.55360055375114
33.68793353892746 49.885722081846986 -4.081130295560729
53.86883871578668 28.549430753973706 1.563693049183644
FRAME72
50.94348216391682 30.642355132446085 1.55360055375114
33.68793353892746 49.885722081846986 -4.081130295560729
53.96936991813068 33.00132655548941 1.5641377448260732
FRAME73
50.94348216391682 30.642355132446085 1.55360055375114
33.68793353892746 49.885722081846986 -4.081130295560729
53.96936991813068 33.00132655548941 1.5641377448260732
FRAME74
50.94348216391682 30.642355132446085 1.55360055375114
33.68793353892746 49.885722081846986 -4.081130295560729
53.42553819016854 38.834759003209285 1.8524006198857619
FRAME75
50.94348216391682 30.642355132446085 1.55360055375114
33.68793353892746 49.885722081846986 -4.081130295560729
53.42553819016854 38.834759003209285 1.8524006198857619
FRAME76
50.94348216391682 30.642355132446085 1.55360055375114
33.68793353892746 49.885722081846986 -4.081130295560729
52.69911938148024 40.336142280864486 2.025586454176843
42.0 16.5 0.0
FRAME77
50.94348216391682 30.642355132446085 1.55360055375114
33.68793353892746 49.885722081846986 -4.081130295560729
52.69911938148024 40.336142280864486 2.025586454176843
42.0 16.5 0.0
FRAME78
50.94348216391682 30.642355132446085 1.55360055375114
33.68793353892746 49.885722081846986 -4.081130295560729
52.69911938148024 40.336142280864486 2.025586454176843
42.0 16.5 0.0
FRAME79
50.94348216391682 30.642355132446085 1.55360055375114
33.68793353892746 49.885722081846986 -4.081130295560729
49.856907038006554 43.52984261212974 2.6005356768120604
42.39941831310871 16.517214659461196 0.13467525564727684
FRAME80
50.94348216391682 30.642355132446085 1.55360055375114
33.68793353892746 49.885722081846986 -4.081130295560729
49.856907038006554 43.52984261212974 2.6005356768120604
42.39941831310871 16.517214659461196 0.13467525564727684
FRAME81
50.94348216391682 30.642355132446085 1.55360055375114
33.68793353892746 49.885722081846986 -4.081130295560729
46.99472106284863 44.52212940371915 -3.3100083856334614
43.41618359614558 16.730606503301438 0.18080186715621008
FRAME82
50.94348216391682 30.642355132446085 1.55360055375114
33.68793353892746 49.885722081846986 -4.081130295560729
46.99472106284863 44.52212940371915 -3.3100083856334614
43.41618359614558 16.730606503301438 0.18080186715621008
FRAME83
50.94348216391682 30.642355132446085 1.55360055375114
33.68793353892746 49.885722081846986 -4.081130295560729
44.1227943984946 44.83381133435954 -3.1947395233078937
45.566207943766834 17.177853375956026 0.21315875892109065
FRAME84
50.94348216391682 30.642355132446085 1.55360055375114
33.68793353892746 49.885722081846986 -4.081130295560729
44.1227943984946 44.83381133435954 -3.1947395233078937
45.566207943766834 17.177853375956026 0.21315875892109065
FRAME85
50.94348216391682 30.642355132446085 1.55360055375114
33.68793353892746 49.885722081846986 -4.081130295560729
41.199846163954255 44.93381467485649 -3.1636395197778557
47.272624667523424 17.71116480638229 0.46573849501481257
FRAME86
50.94348216391682 30.642355132446085 1.55360055375114
33.68793353892746 49.885722081846986 -4.081130295560729
41.199846163954255 44.93381467485649 -3.1636395197778557
47.272624667523424 17.71116480638229 0.46573849501481257
FRAME87
50.94348216391682 30.642355132446085 1.55360055375114
33.68793353892746 49.885722081846986 -4.081130295560729
39.76402132918373 44.950658769424756 -3.165828400755652
50.44294318114848 19.73173794908601 0.7697382970432053
FRAME88
50.94348216391682 30.642355132446085 1.55360055375114
33.68793353892746 49.885722081846986 -4.081130295560729
39.76402132918373 44.950658769424756 -3.165828400755652
50.44294318114848 19.73173794908601 0.7697382970432053
FRAME89
50.94348216391682 30.642355132446085 1.55360055375114
33.68793353892746 49.885722081846986 -4.081130295560729
36.801436027909055 44.98237810801726 -3.147208191757755
52.56610796079494 22.201348571071772 1.0557689087106352
42.0 16.5 0.0
FRAME90
50.94348216391682 30.642355132446085 1.55360055375114
33.68793353892746 49.885722081846986 -4.081130295560729
34.572668541425024 44.99276509713383 -3.1457945059446266
53.38430725653631 24.276912168477274 1.3982128047437385
42.39941831310871 16.517214659461196 0.13467525564727684
FRAME91
33.68793353892746 49.885722081846986 -4.081130295560729
32.30009069546788 45.00092785214346 -3.1423422096101348
53.626970674680415 25.669565244988135 1.577946010089292
43.1068934764331 16.648511304814107 0.2594484449734259
FRAME92
33.68793353892746 49.885722081846986 -4.081130295560729
32.30009069546788 45.00092785214346 -3.1423422096101348
53.626970674680415 25.669565244988135 1.577946010089292
43.1068934764331 16.648511304814107 0.2594484449734259
