FRAME1
FRAME2
FRAME3
FRAME4
FRAME5
FRAME6
42.59760731017639 16.544068362293437 0.17958566775713602
FRAME7
42.59760731017639 16.544068362293437 0.17958566775713602
FRAME8
44.97386271806499 17.351006277271694 0.6093160984520298
FRAME9
44.97386271806499 17.351006277271694 0.6093160984520298
FRAME10
44.97386271806499 17.351006277271694 0.6093160984520298
FRAME11
48.54896937465629 19.9399518496445 1.0292406059647004
FRAME12
48.54896937465629 19.9399518496445 1.0292406059647004
FRAME13
50.55695756959321 24.741510497976506 1.418466432606995
FRAME14
50.55695756959321 24.741510497976506 1.418466432606995
FRAME15
50.85387155894397 27.66304995577 1.5224352933295004
FRAME16
50.85387155894397 27.66304995577 1.5224352933295004
FRAME17
50.85387155894397 27.66304995577 1.5224352933295004
FRAME18
50.85387155894397 27.66304995577 1.5224352933295004
FRAME19
50.85387155894397 27.66304995577 1.5224352933295004
42.0 16.5 0
FRAME20
50.85387155894397 27.66304995577 1.5224352933295004
43.1068934764331 16.648511304814107 0.2594484449734259
FRAME21
50.85387155894397 27.66304995577 1.5224352933295004
43.1068934764331 16.648511304814107 0.2594484449734259
FRAME22
50.85387155894397 27.66304995577 1.5224352933295004
43.1068934764331 16.648511304814107 0.2594484449734259
FRAME23
50.85387155894397 27.66304995577 1.5224352933295004
46.113533773481905 17.296320377294453 0.21981032976749573
FRAME24
50.85387155894397 27.66304995577 1.5224352933295004
46.113533773481905 17.296320377294453 0.21981032976749573
FRAME25
50.85387155894397 27.66304995577 1.5224352933295004
50.44294318114848 19.73173794908601 0.7697382970432053
FRAME26
50.85387155894397 27.66304995577 1.5224352933295004
50.44294318114848 19.73173794908601 0.7697382970432053
FRAME27
50.85387155894397 27.66304995577 1.5224352933295004
53.09372323177483 23.577158778650183 1.1771989830551286
42.0 16.5 0
FRAME28
50.85387155894397 27.66304995577 1.5224352933295004
53.09372323177483 23.577158778650183 1.1771989830551286
42.0 16.5 0
FRAME29
50.85387155894397 27.66304995577 1.5224352933295004
53.621774198670984 26.396364915788688 1.3275878470583125
42.23993553285687 16.504359980599943 0.08042842654895625
FRAME30
50.85387155894397 27.66304995577 1.5224352933295004
53.621774198670984 26.396364915788688 1.3275878470583125
42.23993553285687 16.504359980599943 0.08042842654895625
FRAME31
50.85387155894397 27.66304995577 1.5224352933295004
53.87402455897327 29.27948190080695 1.5118357086055172
43.1068934764331 16.648511304814107 0.2594484449734259
FRAME32
50.85387155894397 27.66304995577 1.5224352933295004
53.87402455897327 29.27948190080695 1.5118357086055172
43.1068934764331 16.648511304814107 0.2594484449734259
FRAME33
50.85387155894397 27.66304995577 1.5224352933295004
53.950291699359575 32.224806087486236 1.5462324135085739
44.5907597202135 16.962649455601312 0.2658475586586284
FRAME34
50.85387155894397 27.66304995577 1.5224352933295004
53.950291699359575 32.224806087486236 1.5462324135085739
44.5907597202135 16.962649455601312 0.2658475586586284
FRAME35
50.85387155894397 27.66304995577 1.5224352933295004
53.97791053826539 34.44741786625257 1.5653430761085727
46.69909706158952 17.427147088239984 0.45980982926911684
FRAME36
50.85387155894397 27.66304995577 1.5224352933295004
53.97791053826539 34.44741786625257 1.5653430761085727
46.69909706158952 17.427147088239984 0.45980982926911684
FRAME37
50.85387155894397 27.66304995577 1.5224352933295004
53.98965065281934 36.71551403866075 1.5670535932901164
49.09741806532378 18.831219244716227 0.7537383298293745
FRAME38
50.85387155894397 27.66304995577 1.5224352933295004
53.98965065281934 36.71551403866075 1.5670535932901164
49.09741806532378 18.831219244716227 0.7537383298293745
FRAME39
50.85387155894397 27.66304995577 1.5224352933295004
53.42553819016854 38.834759003209285 1.8524006198857619
51.074864773214145 20.344171512665422 0.686601965772028
FRAME40
50.85387155894397 27.66304995577 1.5224352933295004
51.62883472746468 41.78092034892144 2.125984798823337
52.56610796079494 22.201348571071772 1.0557689087106352
FRAME41
50.85387155894397 27.66304995577 1.5224352933295004
51.62883472746468 41.78092034892144 2.125984798823337
52.56610796079494 22.201348571071772 1.0557689087106352
FRAME42
50.85387155894397 27.66304995577 1.5224352933295004
49.856907038006554 43.52984261212974 2.6005356768120604
53.50912234495999 24.992933086874103 1.3983571046577543
FRAME43
50.85387155894397 27.66304995577 1.5224352933295004
49.856907038006554 43.52984261212974 2.6005356768120604
53.50912234495999 24.992933086874103 1.3983571046577543
FRAME44
50.85387155894397 27.66304995577 1.5224352933295004
46.99472106284863 44.52212940371915 -3.3100083856334614
53.621774198670984 26.396364915788688 1.3275878470583125
42.0 16.5 0.0
FRAME45
50.85387155894397 27.66304995577 1.5224352933295004
46.99472106284863 44.52212940371915 -3.3100083856334614
53.621774198670984 26.396364915788688 1.3275878470583125
42.0 16.5 0.0
FRAME46
50.85387155894397 27.66304995577 1.5224352933295004
44.85145904088646 44.80882130407896 -3.175874870738457
53.87402455897327 29.27948190080695 1.5118357086055172
42.39941831310871 16.517214659461196 0.13467525564727684
FRAME47
50.85387155894397 27.66304995577 1.5224352933295004
44.85145904088646 44.80882130407896 -3.175874870738457
53.87402455897327 29.27948190080695 1.5118357086055172
42.39941831310871 16.517214659461196 0.13467525564727684
FRAME48
50.85387155894397 27.66304995577 1.5224352933295004
43.43467433075361 44.87041723399176 -3.1499635309864242
53.94888642852339 31.485841411791643 1.5688946538348514
43.1068934764331 16.648511304814107 0.2594484449734259
FRAME49
50.85387155894397 27.66304995577 1.5224352933295004
43.43467433075361 44.87041723399176 -3.1499635309864242
53.94888642852339 31.485841411791643 1.5688946538348514
43.1068934764331 16.648511304814107 0.2594484449734259
FRAME50
50.85387155894397 27.66304995577 1.5224352933295004
41.199846163954255 44.93381467485649 -3.1636395197778557
53.974317597376235 33.74436856461736 1.565685860712416
44.15419965829689 16.907737631839378 0.125125850260271
FRAME51
50.85387155894397 27.66304995577 1.5224352933295004
41.199846163954255 44.93381467485649 -3.1636395197778557
53.974317597376235 33.74436856461736 1.565685860712416
44.15419965829689 16.907737631839378 0.125125850260271
FRAME52
50.85387155894397 27.66304995577 1.5224352933295004
38.24602916228177 44.97451019661141 -3.1468458961316084
53.986221823887874 35.97009236413526 1.566196507838937
46.113533773481905 17.296320377294453 0.21981032976749573
FRAME53
50.85387155894397 27.66304995577 1.5224352933295004
36.02242030976943 44.98675274649968 -3.1462125995115895
53.42553819016854 38.834759003209285 1.8524006198857619
47.880197925671865 18.01654105766737 0.7377382952005165
FRAME54
50.85387155894397 27.66304995577 1.5224352933295004
36.02242030976943 44.98675274649968 -3.1462125995115895
53.42553819016854 38.834759003209285 1.8524006198857619
47.880197925671865 18.01654105766737 0.7377382952005165
FRAME55
50.85387155894397 27.66304995577 1.5224352933295004
34.572668541425024 44.99276509713383 -3.1457945059446266
52.69911938148024 40.336142280864486 2.025586454176843
49.68072645142012 19.37871460590612 0.4337383758876462
FRAME56
50.85387155894397 27.66304995577 1.5224352933295004
34.572668541425024 44.99276509713383 -3.1457945059446266
52.69911938148024 40.336142280864486 2.025586454176843
49.68072645142012 19.37871460590612 0.4337383758876462
FRAME57
50.85387155894397 27.66304995577 1.5224352933295004
32.30009069546788 45.00092785214346 -3.1423422096101348
50.499475250556344 43.04913233262968 2.499303665421599
52.14411673067924 21.563802595019194 0.9861014795642201
FRAME58
50.85387155894397 27.66304995577 1.5224352933295004
32.30009069546788 45.00092785214346 -3.1423422096101348
50.499475250556344 43.04913233262968 2.499303665421599
52.14411673067924 21.563802595019194 0.9861014795642201
FRAME59
50.85387155894397 27.66304995577 1.5224352933295004
30.0642738484201 45.00292650292526 -3.141821101000692
48.423109658292205 44.11023551004194 -3.5286946148687295
53.09372323177483 23.577158778650183 1.1771989830551286
42.0 16.5 0
FRAME60
50.85387155894397 27.66304995577 1.5224352933295004
30.0642738484201 45.00292650292526 -3.141821101000692
48.423109658292205 44.11023551004194 -3.5286946148687295
53.09372323177483 23.577158778650183 1.1771989830551286
42.0 16.5 0
FRAME61
50.85387155894397 27.66304995577 1.5224352933295004
30.0642738484201 45.00292650292526 -3.141821101000692
48.423109658292205 44.11023551004194 -3.5286946148687295
53.09372323177483 23.577158778650183 1.1771989830551286
42.0 16.5 0
FRAME62
50.85387155894397 27.66304995577 1.5224352933295004
29.31632437387143 45.003097370049176 -3.141091950865968
47.71261280746243 44.39988463325588 -3.310257863129916
53.09372323177483 23.577158778650183 1.1771989830551286
42.0 16.5 0
FRAME63
50.85387155894397 27.66304995577 1.5224352933295004
29.31632437387143 45.003097370049176 -3.141091950865968
47.71261280746243 44.39988463325588 -3.310257863129916
53.09372323177483 23.577158778650183 1.1771989830551286
42.0 16.5 0
FRAME64
50.85387155894397 27.66304995577 1.5224352933295004
27.076903244472987 45.00194473800958 -3.141081682907765
46.31623290540658 44.63749024430652 -3.1382651022546955
53.50912234495999 24.992933086874103 1.3983571046577543
42.11999862360625 16.500469251236765 0.0324284280602352
FRAME65
50.85387155894397 27.66304995577 1.5224352933295004
25.619155173656555 45.00121320307351 -3.4246500969026914
44.85145904088646 44.80882130407896 -3.175874870738457
53.804010304920325 27.130832507207597 1.5340944870929198
42.59760731017639 16.544068362293437 0.17958566775713602
FRAME66
50.85387155894397 27.66304995577 1.5224352933295004
25.619155173656555 45.00121320307351 -3.4246500969026914
44.85145904088646 44.80882130407896 -3.175874870738457
53.804010304920325 27.130832507207597 1.5340944870929198
42.59760731017639 16.544068362293437 0.17958566775713602
FRAME67
50.85387155894397 27.66304995577 1.5224352933295004
25.619155173656555 45.00121320307351 -3.4246500969026914
44.85145904088646 44.80882130407896 -3.175874870738457
53.804010304920325 27.130832507207597 1.5340944870929198
42.59760731017639 16.544068362293437 0.17958566775713602
FRAME68
50.85387155894397 27.66304995577 1.5224352933295004
23.39567983218495 45.41799178198916 -3.1946666044428333
42.705606839944686 44.876520311122626 -3.1971303478664
53.87402455897327 29.27948190080695 1.5118357086055172
43.41618359614558 16.730606503301438 0.18080186715621008
FRAME69
50.85387155894397 27.66304995577 1.5224352933295004
23.39567983218495 45.41799178198916 -3.1946666044428333
42.705606839944686 44.876520311122626 -3.1971303478664
53.87402455897327 29.27948190080695 1.5118357086055172
43.41618359614558 16.730606503301438 0.18080186715621008
FRAME70
50.85387155894397 27.66304995577 1.5224352933295004
21.3206006193656 45.86648373302734 -3.6544317537167763
41.199846163954255 44.93381467485649 -3.1636395197778557
53.93348505746035 30.78704510010277 1.5487600370119174
44.5907597202135 16.962649455601312 0.2658475586586284
FRAME71
50.85387155894397 27.66304995577 1.5224352933295004
20.187952603915853 46.331791877186234 -3.638946943571463
39.76402132918373 44.950658769424756 -3.165828400755652
53.950291699359575 32.224806087486236 1.5462324135085739
45.566207943766834 17.177853375956026 0.21315875892109065
FRAME72
50.85387155894397 27.66304995577 1.5224352933295004
20.187952603915853 46.331791877186234 -3.638946943571463
39.76402132918373 44.950658769424756 -3.165828400755652
53.950291699359575 32.224806087486236 1.5462324135085739
45.566207943766834 17.177853375956026 0.21315875892109065
FRAME73
50.85387155894397 27.66304995577 1.5224352933295004
19.24747479911203 46.85131491265153 -3.86107062683645
38.24602916228177 44.97451019661141 -3.1468458961316084
53.974317597376235 33.74436856461736 1.565685860712416
46.69909706158952 17.427147088239984 0.45980982926911684
FRAME74
18.208039830969962 47.64326666129839 -3.847376132052863
36.02242030976943 44.98675274649968 -3.1462125995115895
53.98196260234311 35.19046529686486 1.5653332286666979
47.880197925671865 18.01654105766737 0.7377382952005165
FRAME75
18.208039830969962 47.64326666129839 -3.847376132052863
36.02242030976943 44.98675274649968 -3.1462125995115895
53.98196260234311 35.19046529686486 1.5653332286666979
47.880197925671865 18.01654105766737 0.7377382952005165
FRAME76
17.516707908846403 48.29618138759984 -3.962666807982171
35.27754605603623 44.990194049754116 -3.145240146841447
53.98965065281934 36.71551403866075 1.5670535932901164
49.68072645142012 19.37871460590612 0.4337383758876462
FRAME77
17.516707908846403 48.29618138759984 -3.962666807982171
35.27754605603623 44.990194049754116 -3.145240146841447
53.98965065281934 36.71551403866075 1.5670535932901164
49.68072645142012 19.37871460590612 0.4337383758876462
FRAME78
17.516707908846403 48.29618138759984 -3.962666807982171
35.27754605603623 44.990194049754116 -3.145240146841447
53.98965065281934 36.71551403866075 1.5670535932901164
49.68072645142012 19.37871460590612 0.4337383758876462
FRAME79
17.093481819599116 48.76537848426569 -4.008273539202829
33.827792919446516 44.99589497294002 -3.145712697761174
53.787412880527526 38.13766052210592 2.0496192014199974
51.074864773214145 20.344171512665422 0.686601965772028
FRAME80
17.093481819599116 48.76537848426569 -4.008273539202829
33.827792919446516 44.99589497294002 -3.145712697761174
53.787412880527526 38.13766052210592 2.0496192014199974
51.074864773214145 20.344171512665422 0.686601965772028
FRAME81
16.981435959289918 48.89729832883408 -4.019396927392312
32.30009069546788 45.00092785214346 -3.1423422096101348
52.69911938148024 40.336142280864486 2.025586454176843
52.56610796079494 22.201348571071772 1.0557689087106352
FRAME82
16.981435959289918 48.89729832883408 -4.019396927392312
32.30009069546788 45.00092785214346 -3.1423422096101348
52.69911938148024 40.336142280864486 2.025586454176843
52.56610796079494 22.201348571071772 1.0557689087106352
FRAME83
16.622726986198174 49.34079563863583 -4.05348770516945
29.31632437387143 45.003097370049176 -3.141091950865968
51.163675756044796 42.53085395925181 2.478977321756885
53.09372323177483 23.577158778650183 1.1771989830551286
42.0 16.5 0
FRAME84
16.375761000490762 49.66560739988274 -4.076800162782261
28.608374965801236 45.0027428978226 -3.1410766780123596
49.856907038006554 43.52984261212974 2.6005356768120604
53.626970674680415 25.669565244988135 1.577946010089292
42.11999862360625 16.500469251236765 0.0324284280602352
FRAME85
16.375761000490762 49.66560739988274 -4.076800162782261
28.608374965801236 45.0027428978226 -3.1410766780123596
49.856907038006554 43.52984261212974 2.6005356768120604
53.626970674680415 25.669565244988135 1.577946010089292
42.11999862360625 16.500469251236765 0.0324284280602352
