18.44 0.6 1.5707963267948966
18.44 0.6 1.5707963267948966
18.430042622991206 0.7996701385285281 1.6649267965388361
18.41124431830464 0.9987847380457687 1.6649267965388361
18.392446013618077 1.1978993375630096 1.6649267965388361
18.373647708931514 1.3970139370802501 1.6649267965388361
18.354849404244952 1.5961285365974909 1.6649267965388361
18.33605109955839 1.7952431361147316 1.6649267965388361
18.317252794871827 1.9943577356319722 1.6649267965388361
18.298454490185264 2.193472335149213 1.6649267965388361
18.2796561854987 2.3925869346664537 1.6649267965388361
18.260857880812136 2.591701534183694 1.6649267965388361
18.242059576125573 2.790816133700935 1.6649267965388361
18.216572531175437 2.98911406273957 1.7470223123313575
18.171730965084297 3.1839368327801574 1.847022312331358
18.107663597272268 3.3733096137108713 1.9470223123313577
18.02501056770068 3.5553402553029714 2.0470223123313573
17.924597718119543 3.728209967556999 2.147022312331357
17.807428340529807 3.890191493451242 2.2470223123313575
17.674673152621292 4.039666367122937 2.347022312331357
17.52765860034856 4.175141085044183 2.4470223123313577
17.367853604521358 4.295262028615497 2.5470223123313573
17.196854883833495 4.39882898907542 2.647022312331357
17.01637100097741 4.484807159589722 2.7470223123313575
16.828205291250576 4.552337474699228 2.847022312331358
16.634237844225254 4.600745193817918 2.9470223123313577
16.43640671851502 4.629546643017823 3.0470223123313573
16.236688577333688 4.638454047739032 -3.1361629948482284
16.037078938329902 4.627378408137965 -3.036162994848228
15.839572235034417 4.596430388344398 -2.936162994848228
15.646141889139525 4.545919210742053 -2.8361629948482285
15.593443186582988 4.528495989261155 -2.808409978596794
15.593443186582988 4.528495989261155 -2.808409978596794
15.785397386756484 4.584355301927418 -2.908409978596794
15.981969241506741 4.6207721070568875 -3.008409978596794
16.18080269903415 4.642147307726697 -3.010616156108153
15.98154111000468 4.625976441539504 -3.1106161561081525
15.781624187098053 4.629050389451077 3.1107756825328963
15.72 4.63 3.141592653589793
15.72 4.63 -3.141592653589793
15.520030794775645 4.6334445786467455 3.1233552396484257
15.320064054180508 4.637091859244267 3.1233552396484257
15.12009731358537 4.640739139841787 3.1233552396484257
14.920130572990233 4.644386420439307 3.1233552396484257
14.720163832395096 4.6480337010368284 3.1233552396484257
14.52019709179996 4.651680981634349 3.1233552396484257
14.32023035120482 4.655328262231869 3.1233552396484257
14.120348998979136 4.653093085665448 -3.061570072926676
13.923190856609452 4.620859312502996 -2.8974988292727257
13.894635014864724 4.61337884717281 -2.8732818352420004
13.894635014864724 4.61337884717281 -2.8732818352420004
13.698315211422955 4.576380414617656 -3.0373530788959515
13.498588708307727 4.571944967817554 3.0817609846296836
13.299279518753897 4.588519524008483 3.0567113891181066
13.099999569183922 4.6054753990784505 3.0567113891181066
12.900719619613946 4.6224312741484175 3.0567113891181066
12.76 4.63 3.141592653589793
12.76 4.63 -3.141592653589793
12.959985162932954 4.631217651331749 -3.1050393172444624
12.760118961314443 4.634876866195732 3.068426762777645
12.561855260017476 4.660399271075741 2.9587075356201664
12.367578425285139 4.707477927484094 2.8489883084626886
12.179624876358666 4.775546656345268 2.73926908130521
12.000254987146125 4.8637868469996 2.629549854147731
11.831625902430279 4.971137302009014 2.5198306269902524
11.675765595534378 5.096306999368829 2.4101113998327737
11.534548479434513 5.23779061864424 2.300392172675295
11.409672864625103 5.3938866443105065 2.190672945517817
11.302640534834524 5.562717828581757 2.0809537183603384
11.21473868621821 5.742253767637609 1.9712344912028597
11.147024447232731 5.930335319740545 1.8615152640453818
11.100312165358519 6.124700571585972 1.751796036887903
11.075163613564152 6.323012040607503 1.6420768097304244
11.071881234291531 6.522884786096084 1.5323575825729456
11.09050450221143 6.721915091061975 1.422638355415467
11.130809449491746 6.9177093699047525 1.312919128257989
11.19231135928771 7.107912954240803 1.2031999011005103
11.274270595061504 7.290238410703163 1.0934806739430316
11.375701495626487 7.462493050157109 0.9837614467855529
11.495384228942143 7.62260529749917 0.8740422196280742
11.631879462103203 7.768649604910106 0.7643229924705954
11.783545671098148 7.8988696089491715 0.6546037653131167
11.94294940923416 8.019660414611034 0.6482703448115528
12.102375283436023 8.140422124747037 0.6482703448115528
12.183927820258237 8.202196437491967 0.6482703448115528
12.183927820258237 8.202196437491967 0.6482703448115528
12.022679918494426 8.083930819627078 0.6700618000569971
12.185929359833528 8.199297661940209 0.5603425728995184
12.360829742264269 8.296095103168852 0.45062334574203966
12.545277672351325 8.373159034352202 0.3409041185845614
12.737054935589326 8.429562666396382 0.23118489142708265
12.933855173176 8.464627675859669 0.12146566426960437
13.13331161882956 8.47793236263089 0.01174643711212564
13.333025562080712 8.469316721394879 -0.09797279004535264
13.53059519573305 8.438884365894301 -0.20769201720283137
13.723644500565413 8.387001282846231 -0.31741124436030965
13.915308552779234 8.330163409290765 -0.23514509172791476
14.111968383042466 8.294319308469726 -0.12542586457043647
14.311370575554928 8.280224840616889 -0.015706637412957747
14.34 8.28 0.0
