14.34 8.28 0.0
14.539666833293657 8.289991669443948 0.10000000000000009
14.73841680281669 8.312312202775193 0.11263407970769546
14.937149499872286 8.334791418086429 0.11263407970769546
15.13588219692788 8.357270633397663 0.11263407970769546
15.334614893983478 8.379749848708899 0.11263407970769546
15.533347591039073 8.402229064020133 0.11263407970769546
15.732080288094668 8.42470827933137 0.11263407970769546
15.930812985150263 8.447187494642604 0.11263407970769546
16.12954568220586 8.46966670995384 0.11263407970769546
16.328278379261455 8.492145925265074 0.11263407970769546
16.527011076317052 8.51462514057631 0.11263407970769546
16.725743773372646 8.537104355887545 0.11263407970769546
16.924476470428242 8.55958357119878 0.11263407970769546
17.123045616503195 8.583367317880846 0.14889413661970075
17.319021072171783 8.622867932449267 0.24889413661970083
17.415515341586357 8.649984802026713 0.29901541974933155
17.415515341586357 8.649984802026713 0.29901541974933155
17.603379015796552 8.71835085857556 0.39901541974933163
17.783478937132184 8.805130442065526 0.4990154197493317
17.954015606712396 8.909456479583895 0.5990154197493318
18.117034455699798 9.025300083792096 0.6479049304451783
18.27020865221684 9.153769314727572 0.7479049304451779
18.40979209350613 9.296888637998865 0.847904930445178
18.534390107962462 9.453228052636804 0.9479049304451781
18.642757753412013 9.621225466889271 1.0479049304451777
18.73381225616303 9.799202306125611 1.1479049304451774
18.80664382972265 9.9853802845995 1.247904930445178
18.860524765082772 10.177899173492285 1.3479049304451785
18.894916701747952 10.374835387704431 1.447904930445178
18.909476006855492 10.574221205681988 1.5479049304451777
18.91 10.62 1.5707963267948966
18.91 10.62 1.5707963267948966
18.90051771536997 10.819558349462499 1.702400843568654
18.884168828457117 10.913237188167148 1.787541381593572
18.884168828457117 10.913237188167148 1.787541381593572
18.85825031823139 11.111298498555385 1.614294565379744
18.859048182694693 11.311270324418183 1.557497421852788
18.86170788528194 11.51125263859158 1.557497421852788
18.864367587869193 11.711234952764977 1.557497421852788
18.867027290456445 11.911217266938374 1.557497421852788
18.869686993043693 12.111199581111773 1.557497421852788
18.872346695630945 12.31118189528517 1.557497421852788
18.875006398218197 12.511164209458567 1.557497421852788
18.877666100805445 12.711146523631964 1.557497421852788
18.880325803392697 12.91112883780536 1.557497421852788
18.88298550597995 13.11111115197876 1.557497421852788
18.885645208567198 13.311093466152156 1.557497421852788
18.88830491115445 13.511075780325553 1.557497421852788
18.890964613741698 13.71105809449895 1.557497421852788
18.89362431632895 13.911040408672347 1.557497421852788
18.8962840189162 14.111022722845744 1.557497421852788
18.89894372150345 14.311005037019141 1.557497421852788
18.901603424090702 14.510987351192538 1.557497421852788
18.904263126677954 14.710969665365935 1.557497421852788
18.906922829265202 14.910951979539332 1.557497421852788
18.909582531852454 15.110934293712731 1.557497421852788
18.91 15.149999999999999 1.5707963267948966
18.91 15.15 1.5707963267948966
18.90000833055605 15.349666833293657 1.6707963267948962
18.870133155682485 15.547338661590123 1.7707963267948967
18.820672978251213 15.74104041332268 1.8707963267948964
18.752121988005772 15.928836684617302 1.970796326794897
18.66637718711992 16.109474997628993 2.0338737912967915
18.577036473100264 16.288411402025805 2.0338737912967915
18.48769575908061 16.467347806422612 2.0338737912967915
18.398355045060953 16.64628421081942 2.0338737912967915
18.308980377825417 16.825203575562707 2.0400373232520215
18.209777461042748 16.998770447625333 2.140037323252021
18.093742371781545 17.161566442158183 2.2400373232520217
17.96203449429761 17.311964955397077 2.3400373232520213
17.81596981016592 17.448463255112877 2.440037323252021
17.657007749427763 17.569697495415163 2.5400373232520215
17.486736608448158 17.674456343849542 2.640037323252021
17.30685768018362 17.76169308463113 2.7400373232520217
17.119168255425294 17.83053607708267 2.8400373232520213
16.925543664863493 17.880297464780057 2.940037323252021
16.727918541403334 17.910480048386344 3.0400373232520206
16.528267489952245 17.92078225350317 3.140037323252021
16.32858535782047 17.91110114390247 -3.0431479839275646
16.130867302866122 17.88153345003122 -2.943147983927565
16.000415276932955 17.85071894654679 -2.876114421071412
16.000415276932955 17.85071894654679 -2.876114421071412
15.805121822383025 17.807973837051687 -2.976114421071412
15.606536631328472 17.78493908787527 -3.076114421071412
15.406679034753264 17.777689741025856 -3.1116493776105254
15.206768688032009 17.77170198069437 -3.1116493776105254
15.12 17.77 3.141592653589793
15.12 17.77 -3.141592653589793
14.920333166706342 17.76000833055605 -3.0415926535897935
14.722661338409877 17.730133155682484 -2.941592653589793
14.528859059538398 17.68101301770663 -2.860423249265625
14.33671273758454 17.62551715335978 -2.860423249265625
14.14456641563068 17.57002128901293 -2.860423249265625
13.952420093676821 17.514525424666083 -2.860423249265625
13.76027377172296 17.459029560319234 -2.860423249265625
13.568115300345541 17.403576113663767 -2.867065793429843
13.373216620127982 17.359065640455235 -2.9670657934298426
13.174847988887347 17.334234935360325 -3.067065793429843
12.974991440415039 17.329332098576405 3.1161195137497435
12.841346315059516 17.337219457715864 3.049168175988596
12.841346315059516 17.337219457715864 3.049168175988596
12.643453840892965 17.3655963223072 2.9491681759885964
12.449382964165952 17.413587702597855 2.849168175988596
12.261072776927428 17.480714084579798 2.749168175988596
12.080404812321207 17.5663047636333 2.6491681759885957
11.90918424492875 17.669504545985777 2.549168175988596
11.749121854061446 17.789282293525275 2.4491681759885964
11.601816930219247 17.92444122659164 2.349168175988596
11.468741295508652 18.073630881803275 2.249168175988596
11.351224597682732 18.235360605440846 2.1491681759885957
11.24568829081591 18.405243614628723 2.123345630916999
11.14071651633665 18.575481467536573 2.123345630916999
11.035744741857387 18.745719320444426 2.123345630916999
10.930772967378127 18.915957173352275 2.123345630916999
10.825801192898865 19.08619502626013 2.123345630916999
10.720829418419605 19.256432879167978 2.123345630916999
10.615857643940343 19.426670732075827 2.123345630916999
10.510885869461081 19.59690858498368 2.123345630916999
10.40591409498182 19.76714643789153 2.123345630916999
10.32 19.9 2.181661564992912
