6.0 5.75 -1.5707963267948966
6.0 5.75 -1.5707963267948966
5.996361912767918 5.810206740099204 -1.4500899441051485
5.933733987833953 5.99874651313668 -1.0500899441051486
5.802629003166433 6.148014681189641 -0.6500899441051486
5.628821913554345 6.246382697402977 -0.47804491942140004
5.451242705053492 6.338391526915206 -0.47804491942140004
5.273663496552639 6.430400356427436 -0.47804491942140004
5.096082403219325 6.522405536103797 -0.4739913843760055
5.096082403219325 6.522405536103797 -0.4739913843760055
5.070904450838252 6.536067579498088 -0.5062274048777615
4.894709171154325 6.630530497001443 -0.3999999999999999
4.7 6.67 0.0
4.7 6.67 0.0
