25.15 8.35 0.0
25.15 8.35 0.0
25.026341627306863 8.359031865847642 -0.14581877758936823
24.831774148618923 8.40477854417502 -0.2574140538846077
24.63836384008526 8.455694676715828 -0.2574140538846077
24.444953531551597 8.506610809256635 -0.2574140538846077
24.251543223017933 8.557526941797443 -0.2574140538846077
24.05813291448427 8.60844307433825 -0.2574140538846077
23.864722605950604 8.65935920687906 -0.2574140538846077
23.671312297416943 8.710275339419866 -0.2574140538846077
23.47790198888328 8.761191471960673 -0.2574140538846077
23.284491680349614 8.812107604501481 -0.2574140538846077
23.093138735007226 8.86967336459227 -0.38534119366477704
22.91829865431999 8.96583568226703 -0.6203476283802445
22.770655753284906 9.100066151718805 -0.8553540630957115
22.658326599093257 9.264985544980753 -1.0903604978111785
22.658326599093257 9.264985544980753 -1.0903604978111785
22.606290179666402 9.359507906161745 -1.0650224465555231
22.50939326454355 9.534467866837538 -1.0650224465555231
22.4124963494207 9.70942782751333 -1.0650224465555231
22.315599434297848 9.884387788189123 -1.0650224465555231
22.218702519174997 10.059347748864916 -1.0650224465555231
22.1222847413932 10.23456565232657 -1.1007834573639625
22.05339268454426 10.421835857266979 -1.3357898920794293
22.03 10.62 -1.5707963267948966
22.03 10.62 -1.5707963267948966
