18.44 0.6 1.5707963267948966
18.44 0.6 1.5707963267948966
18.430042622991206 0.7996701385285281 1.6649267965388361
18.41124431830464 0.9987847380457687 1.6649267965388361
18.392446013618077 1.1978993375630096 1.6649267965388361
18.373647708931514 1.3970139370802501 1.6649267965388361
18.354849404244952 1.5961285365974909 1.6649267965388361
18.33605109955839 1.7952431361147316 1.6649267965388361
18.317252794871827 1.9943577356319722 1.6649267965388361
18.298454490185264 2.193472335149213 1.6649267965388361
18.2796561854987 2.3925869346664537 1.6649267965388361
18.260857880812136 2.591701534183694 1.6649267965388361
18.242059576125573 2.790816133700935 1.6649267965388361
18.216572531175437 2.98911406273957 1.7470223123313575
18.171730965084297 3.1839368327801574 1.847022312331358
18.107663597272268 3.3733096137108713 1.9470223123313577
18.02501056770068 3.5553402553029714 2.0470223123313573
17.924597718119543 3.728209967556999 2.147022312331357
17.807428340529807 3.890191493451242 2.2470223123313575
17.674673152621292 4.039666367122937 2.347022312331357
17.52765860034856 4.175141085044183 2.4470223123313577
17.367853604521358 4.295262028615497 2.5470223123313573
17.196854883833495 4.39882898907542 2.647022312331357
17.01637100097741 4.484807159589722 2.7470223123313575
16.828205291250576 4.552337474699228 2.847022312331358
16.634237844225254 4.600745193817918 2.9470223123313577
16.43640671851502 4.629546643017823 3.0470223123313573
16.236688577333688 4.638454047739032 -3.1361629948482284
16.037078938329902 4.627378408137965 -3.036162994848228
15.839572235034417 4.596430388344398 -2.936162994848228
15.646141889139525 4.545919210742053 -2.8361629948482285
15.593443186582988 4.528495989261155 -2.808409978596794
15.593443186582988 4.528495989261155 -2.808409978596794
15.785397386756484 4.584355301927418 -2.908409978596794
15.981969241506741 4.6207721070568875 -3.008409978596794
16.18080269903415 4.642147307726697 -3.010616156108153
15.98154111000468 4.625976441539504 -3.1106161561081525
15.781624187098053 4.629050389451077 3.1107756825328963
15.72 4.63 3.141592653589793
15.72 4.63 -3.141592653589793
15.520030794775645 4.6334445786467455 3.1233552396484257
15.320064054180508 4.637091859244267 3.1233552396484257
15.12009731358537 4.640739139841787 3.1233552396484257
14.920130572990233 4.644386420439307 3.1233552396484257
14.720163832395096 4.6480337010368284 3.1233552396484257
14.52019709179996 4.651680981634349 3.1233552396484257
14.32023035120482 4.655328262231869 3.1233552396484257
14.120348998979136 4.653093085665448 -3.061570072926676
13.923190856609452 4.620859312502996 -2.8974988292727257
13.894635014864724 4.61337884717281 -2.8732818352420004
13.894635014864724 4.61337884717281 -2.8732818352420004
13.698315211422955 4.576380414617656 -3.0373530788959515
13.498588708307727 4.571944967817554 3.0817609846296836
13.299279518753897 4.588519524008483 3.0567113891181066
13.099999569183922 4.6054753990784505 3.0567113891181066
12.900719619613946 4.6224312741484175 3.0567113891181066
12.76 4.63 3.141592653589793
12.76 4.63 -3.141592653589793
12.959985162932954 4.631217651331749 -3.1050393172444624
12.760118961314443 4.634876866195732 3.068426762777645
12.561855260017476 4.660399271075741 2.9587075356201664
12.367578425285139 4.707477927484094 2.8489883084626886
12.179624876358666 4.775546656345268 2.73926908130521
12.000254987146125 4.8637868469996 2.629549854147731
11.831625902430279 4.971137302009014 2.5198306269902524
11.675765595534378 5.096306999368829 2.4101113998327737
11.534548479434513 5.23779061864424 2.300392172675295
11.409672864625103 5.3938866443105065 2.190672945517817
11.302640534834524 5.562717828581757 2.0809537183603384
11.21473868621821 5.742253767637609 1.9712344912028597
11.147024447232731 5.930335319740545 1.8615152640453818
11.100312165358519 6.124700571585972 1.751796036887903
11.075163613564152 6.323012040607503 1.6420768097304244
11.071881234291531 6.522884786096084 1.5323575825729456
11.09050450221143 6.721915091061975 1.422638355415467
11.130809449491746 6.9177093699047525 1.312919128257989
11.19231135928771 7.107912954240803 1.2031999011005103
11.274270595061504 7.290238410703163 1.0934806739430316
11.375701495626487 7.462493050157109 0.9837614467855529
11.495384228942143 7.62260529749917 0.8740422196280742
11.631879462103203 7.768649604910106 0.7643229924705954
11.783545671098148 7.8988696089491715 0.6546037653131167
11.94294940923416 8.019660414611034 0.6482703448115528
12.102375283436023 8.140422124747037 0.6482703448115528
12.183927820258237 8.202196437491967 0.6482703448115528
12.183927820258237 8.202196437491967 0.6482703448115528
12.022679918494426 8.083930819627078 0.6700618000569971
12.185929359833528 8.199297661940209 0.5603425728995184
12.360829742264269 8.296095103168852 0.45062334574203966
12.545277672351325 8.373159034352202 0.3409041185845614
12.737054935589326 8.429562666396382 0.23118489142708265
12.933855173176 8.464627675859669 0.12146566426960437
13.13331161882956 8.47793236263089 0.01174643711212564
13.333025562080712 8.469316721394879 -0.09797279004535264
13.53059519573305 8.438884365894301 -0.20769201720283137
13.723644500565413 8.387001282846231 -0.31741124436030965
13.915308552779234 8.330163409290765 -0.23514509172791476
14.111968383042466 8.294319308469726 -0.12542586457043647
14.311370575554928 8.280224840616889 -0.015706637412957747
14.34 8.28 0.0
14.34 8.28 0.0
14.539666833293657 8.289991669443948 0.10000000000000009
14.73841680281669 8.312312202775193 0.11263407970769546
14.937149499872286 8.334791418086429 0.11263407970769546
15.13588219692788 8.357270633397663 0.11263407970769546
15.334614893983478 8.379749848708899 0.11263407970769546
15.533347591039073 8.402229064020133 0.11263407970769546
15.732080288094668 8.42470827933137 0.11263407970769546
15.930812985150263 8.447187494642604 0.11263407970769546
16.12954568220586 8.46966670995384 0.11263407970769546
16.328278379261455 8.492145925265074 0.11263407970769546
16.527011076317052 8.51462514057631 0.11263407970769546
16.725743773372646 8.537104355887545 0.11263407970769546
16.924476470428242 8.55958357119878 0.11263407970769546
17.123045616503195 8.583367317880846 0.14889413661970075
17.319021072171783 8.622867932449267 0.24889413661970083
17.415515341586357 8.649984802026713 0.29901541974933155
17.415515341586357 8.649984802026713 0.29901541974933155
17.603379015796552 8.71835085857556 0.39901541974933163
17.783478937132184 8.805130442065526 0.4990154197493317
17.954015606712396 8.909456479583895 0.5990154197493318
18.117034455699798 9.025300083792096 0.6479049304451783
18.27020865221684 9.153769314727572 0.7479049304451779
18.40979209350613 9.296888637998865 0.847904930445178
18.534390107962462 9.453228052636804 0.9479049304451781
18.642757753412013 9.621225466889271 1.0479049304451777
18.73381225616303 9.799202306125611 1.1479049304451774
18.80664382972265 9.9853802845995 1.247904930445178
18.860524765082772 10.177899173492285 1.3479049304451785
18.894916701747952 10.374835387704431 1.447904930445178
18.909476006855492 10.574221205681988 1.5479049304451777
18.91 10.62 1.5707963267948966
18.91 10.62 1.5707963267948966
18.90051771536997 10.819558349462499 1.702400843568654
18.884168828457117 10.913237188167148 1.787541381593572
18.884168828457117 10.913237188167148 1.787541381593572
18.85825031823139 11.111298498555385 1.614294565379744
18.859048182694693 11.311270324418183 1.557497421852788
18.86170788528194 11.51125263859158 1.557497421852788
18.864367587869193 11.711234952764977 1.557497421852788
18.867027290456445 11.911217266938374 1.557497421852788
18.869686993043693 12.111199581111773 1.557497421852788
18.872346695630945 12.31118189528517 1.557497421852788
18.875006398218197 12.511164209458567 1.557497421852788
18.877666100805445 12.711146523631964 1.557497421852788
18.880325803392697 12.91112883780536 1.557497421852788
18.88298550597995 13.11111115197876 1.557497421852788
18.885645208567198 13.311093466152156 1.557497421852788
18.88830491115445 13.511075780325553 1.557497421852788
18.890964613741698 13.71105809449895 1.557497421852788
18.89362431632895 13.911040408672347 1.557497421852788
18.8962840189162 14.111022722845744 1.557497421852788
18.89894372150345 14.311005037019141 1.557497421852788
18.901603424090702 14.510987351192538 1.557497421852788
18.904263126677954 14.710969665365935 1.557497421852788
18.906922829265202 14.910951979539332 1.557497421852788
18.909582531852454 15.110934293712731 1.557497421852788
18.91 15.149999999999999 1.5707963267948966
18.91 15.15 1.5707963267948966
18.90000833055605 15.349666833293657 1.6707963267948962
18.870133155682485 15.547338661590123 1.7707963267948967
18.820672978251213 15.74104041332268 1.8707963267948964
18.752121988005772 15.928836684617302 1.970796326794897
18.66637718711992 16.109474997628993 2.0338737912967915
18.577036473100264 16.288411402025805 2.0338737912967915
18.48769575908061 16.467347806422612 2.0338737912967915
18.398355045060953 16.64628421081942 2.0338737912967915
18.308980377825417 16.825203575562707 2.0400373232520215
18.209777461042748 16.998770447625333 2.140037323252021
18.093742371781545 17.161566442158183 2.2400373232520217
17.96203449429761 17.311964955397077 2.3400373232520213
17.81596981016592 17.448463255112877 2.440037323252021
17.657007749427763 17.569697495415163 2.5400373232520215
17.486736608448158 17.674456343849542 2.640037323252021
17.30685768018362 17.76169308463113 2.7400373232520217
17.119168255425294 17.83053607708267 2.8400373232520213
16.925543664863493 17.880297464780057 2.940037323252021
16.727918541403334 17.910480048386344 3.0400373232520206
16.528267489952245 17.92078225350317 3.140037323252021
16.32858535782047 17.91110114390247 -3.0431479839275646
16.130867302866122 17.88153345003122 -2.943147983927565
16.000415276932955 17.85071894654679 -2.876114421071412
16.000415276932955 17.85071894654679 -2.876114421071412
15.805121822383025 17.807973837051687 -2.976114421071412
15.606536631328472 17.78493908787527 -3.076114421071412
15.406679034753264 17.777689741025856 -3.1116493776105254
15.206768688032009 17.77170198069437 -3.1116493776105254
15.12 17.77 3.141592653589793
15.12 17.77 -3.141592653589793
14.920333166706342 17.76000833055605 -3.0415926535897935
14.722661338409877 17.730133155682484 -2.941592653589793
14.528859059538398 17.68101301770663 -2.860423249265625
14.33671273758454 17.62551715335978 -2.860423249265625
14.14456641563068 17.57002128901293 -2.860423249265625
13.952420093676821 17.514525424666083 -2.860423249265625
13.76027377172296 17.459029560319234 -2.860423249265625
13.568115300345541 17.403576113663767 -2.867065793429843
13.373216620127982 17.359065640455235 -2.9670657934298426
13.174847988887347 17.334234935360325 -3.067065793429843
12.974991440415039 17.329332098576405 3.1161195137497435
12.841346315059516 17.337219457715864 3.049168175988596
12.841346315059516 17.337219457715864 3.049168175988596
12.643453840892965 17.3655963223072 2.9491681759885964
12.449382964165952 17.413587702597855 2.849168175988596
12.261072776927428 17.480714084579798 2.749168175988596
12.080404812321207 17.5663047636333 2.6491681759885957
11.90918424492875 17.669504545985777 2.549168175988596
11.749121854061446 17.789282293525275 2.4491681759885964
11.601816930219247 17.92444122659164 2.349168175988596
11.468741295508652 18.073630881803275 2.249168175988596
11.351224597682732 18.235360605440846 2.1491681759885957
11.24568829081591 18.405243614628723 2.123345630916999
11.14071651633665 18.575481467536573 2.123345630916999
11.035744741857387 18.745719320444426 2.123345630916999
10.930772967378127 18.915957173352275 2.123345630916999
10.825801192898865 19.08619502626013 2.123345630916999
10.720829418419605 19.256432879167978 2.123345630916999
10.615857643940343 19.426670732075827 2.123345630916999
10.510885869461081 19.59690858498368 2.123345630916999
10.40591409498182 19.76714643789153 2.123345630916999
10.32 19.9 2.181661564992912
10.32 19.9 2.181661564992912
10.417469207711795 19.725746520426686 1.979922391628099
10.478045912788268 19.53549672568974 1.778183218263286
10.49927307262879 19.336967309026928 1.576444044898473
10.480289695603778 19.138210792172515 1.374704871533659
10.432513154024525 18.944089738562212 1.384860003987738
10.4155491199009 18.745150694778385 1.5865991773525518
10.438791243077448 18.546847075785642 1.788338350717365
10.50129680330054 18.35722224477301 1.990077524082178
10.600530521966784 18.183967545918865 2.191816697446991
10.732467395176178 18.03411033693945 2.393555870811804
10.891755951308404 17.91372895349216 2.595295044176617
11.071935311256293 17.827706166719462 2.7970342175414302
11.2656972471691 17.779531133904808 2.9987733909062433
11.4651826103804 17.771157875290186 -3.08267274290853
11.662325472008808 17.80282687918352 -2.9012532973061953
11.59185158986051 17.782767441246968 -2.8273261775442666
11.59185158986051 17.782767441246968 -2.8273261775442666
11.396719452402936 17.74048304073555 -3.0290653509090797
11.196977223522058 17.736114769180276 3.1165825529612317
10.997039770775 17.74111626785742 3.1165825529612317
10.79710231802794 17.746117766534564 3.1165825529612317
10.597164865280881 17.751119265211706 3.1165825529612317
10.397227412533821 17.75612076388885 3.1165825529612317
10.197289959786762 17.761122262565994 3.1165825529612317
9.997352507039704 17.766123761243136 3.1165825529612317
9.83 17.77 3.141592653589793
9.83 17.77 -3.141592653589793
10.029666833293657 17.779991669443948 -3.0415926535897935
10.227338661590123 17.809866844317515 -2.941592653589793
10.423439003143967 17.84894179852354 -2.9876293129041054
10.227666301262364 17.80844825615231 -2.8876293129041057
10.036914256129487 17.748612355111053 -2.787629312904105
9.848744859221027 17.68099848341767 -2.8412609000944906
9.805324513690556 17.668088250567543 -2.8639108904216126
9.805324513690556 17.668088250567543 -2.8639108904216126
9.61056722941859 17.622963113461903 -2.9639108904216127
9.412277923735836 17.597506699188777 -3.063910890421613
9.212437837838944 17.591973359824813 3.119274416757974
9.012643645567344 17.600940915118446 3.0933884910599154
8.81287596470511 17.610578014418774 3.0933884910599154
8.613108283842875 17.6202151137191 3.0933884910599154
8.413340602980641 17.62985221301943 3.0933884910599154
8.213572922118406 17.639489312319757 3.0933884910599154
8.013805241256172 17.649126411620085 3.0933884910599154
7.8140375603939365 17.658763510920412 3.0933884910599154
7.614269879531703 17.66840061022074 3.0933884910599154
7.414502198669468 17.678037709521067 3.0933884910599154
7.2147345178072335 17.687674808821395 3.0933884910599154
7.014966836944999 17.697311908121723 3.0933884910599154
6.815199156082763 17.70694900742205 3.0933884910599154
6.615431475220529 17.716586106722378 3.0933884910599154
6.415663794358293 17.726223206022706 3.0933884910599154
6.2158961134960595 17.735860305323033 3.0933884910599154
6.016128432633824 17.74549740462336 3.0933884910599154
5.816360751771589 17.75513450392369 3.0933884910599154
5.616593070909355 17.764771603224016 3.0933884910599154
5.460000000000001 17.77 3.141592653589793
5.46 17.77 -3.141592653589793
5.659781795317379 17.761609716170312 3.0982603557617914
5.460735215219773 17.78024132177051 2.998260355761791
5.264543095782994 17.818651347111537 2.8982603557617903
5.073165723811959 17.876456011916847 2.7982603557617907
4.888515278746458 17.95307775108339 2.698260355761791
4.71243672679626 18.047750985521198 2.5982603557617914
4.546689386648622 18.159529771566568 2.498260355761791
4.392929350937514 18.287297252538497 2.3982603557617903
4.252692939113449 18.42977681800143 2.2982603557617907
4.127381347047379 18.585544859234734 2.198260355761791
4.018246646744725 18.75304499346048 2.0982603557617914
3.9263066865362637 18.93056999019183 2.0109094115261072
3.8322007760646146 19.106952402552295 2.110909411526108
3.7209561443056884 19.273058722963693 2.2109094115261074
3.593684310847434 19.427229271979932 2.310909411526108
3.4707407108100283 19.55059870785486 2.398021892234313
3.4707407108100283 19.55059870785486 2.398021892234313
3.317073451758808 19.678484752066204 2.4878776372970615
3.1597076327261084 19.80188167769811 2.4403780607894676
3.013596446980017 19.938330199770228 2.340378060789467
2.881837330723815 20.088683826461367 2.2403780607894674
2.7657467774933604 20.251440274033932 2.140378060789468
2.6664847257220963 20.424973333863903 2.0403780607894673
2.585042969019651 20.60754912097987 1.9403780607894676
2.522235246497929 20.797343398468488 1.840378060789467
2.478689112158894 20.992459804646753 1.7403780607894674
2.454839664582424 21.190948800881028 1.6403780607894678
2.4500000000000006 21.33 1.5707963267948966
2.45 21.33 1.5707963267948966
2.4414807709508386 21.52977655933531 1.632369985807233
2.4291738191789585 21.7293975475557 1.632369985807233
2.416866867407078 21.929018535776088 1.632369985807233
2.4045599156351978 22.128639523996476 1.632369985807233
2.3922529638633176 22.328260512216865 1.632369985807233
2.3893750252379227 22.528156867645496 1.5352334530432756
2.406459606769092 22.727342195543155 1.435233453043276
2.4433441883845806 22.92382681431736 1.3352334530432763
2.4996602315373067 23.115647514606493 1.2352334530432758
2.574845044939698 23.300887687380765 1.1352334530432753
2.6681474067890325 23.47769647406607 1.0352334530432756
2.778635070727372 23.644307259711063 0.935233453043276
2.905204080539011 23.799055324419786 0.8352334530432759
3.0465898005160628 23.940394476682577 0.7352334530432758
3.1729157062740097 24.04553651371128 0.6530320261382374
3.1729157062740097 24.04553651371128 0.6530320261382374
3.337571042481882 24.158917720417094 0.5530320261382373
3.5120980584643813 24.256501853194482 0.48990566086711373
3.6885735090887684 24.350610382706527 0.48990566086711373
3.865048959713155 24.444718912218573 0.48990566086711373
4.0415244103375425 24.538827441730618 0.48990566086711373
4.217999860961929 24.632935971242667 0.48990566086711373
4.397117168645896 24.721769406643975 0.4130901002737586
4.584000036946853 24.79277272566077 0.31309010027375894
4.777037773256121 24.844764168575807 0.21309010027375885
4.974301608322291 24.877224254077557 0.11309010027375876
5.173820547112135 24.889828651721565 0.013090100273758676
5.2 24.89 0.0
5.2 24.89 0.0
5.399823362823379 24.882306639191576 -0.05200228938565399
5.599552999948615 24.871910868233083 -0.05200228938565399
5.799282637073851 24.86151509727459 -0.05200228938565399
5.999012274199087 24.8511193263161 -0.05200228938565399
6.198741911324324 24.840723555357606 -0.05200228938565399
6.39847154844956 24.830327784399113 -0.05200228938565399
6.598201185574796 24.81993201344062 -0.05200228938565399
6.797930822700033 24.809536242482128 -0.05200228938565399
6.997660459825268 24.799140471523636 -0.05200228938565399
7.197390096950505 24.788744700565143 -0.05200228938565399
7.397119734075741 24.77834892960665 -0.05200228938565399
7.596849371200978 24.767953158648158 -0.05200228938565399
7.796579008326214 24.757557387689666 -0.05200228938565399
7.9963086454514505 24.747161616731173 -0.05200228938565399
8.196038282576687 24.73676584577268 -0.05200228938565399
8.395767919701923 24.726370074814188 -0.05200228938565399
8.469666845242113 24.721514699276376 -0.08374681761800584
8.469666845242113 24.721514699276376 -0.08374681761800584
8.669469695804153 24.714769428112287 0.016253182381994247
8.869164289300544 24.725369264353933 0.06482687261057629
9.068744184115374 24.738325559569063 0.06482687261057629
9.268324078930203 24.751281854784192 0.06482687261057629
9.467903973745033 24.76423814999932 0.06482687261057629
9.667483868559863 24.777194445214448 0.06482687261057629
9.867063763374691 24.790150740429578 0.06482687261057629
10.066643658189522 24.803107035644704 0.06482687261057629
10.266223553004352 24.816063330859834 0.06482687261057629
10.46580344781918 24.829019626074963 0.06482687261057629
10.66538334263401 24.84197592129009 0.06482687261057629
10.86496323744884 24.85493221650522 0.06482687261057629
11.064543132263669 24.86788851172035 0.06482687261057629
11.264123027078499 24.880844806935475 0.06482687261057629
11.463871606597575 24.889990610676538 0.003064201496344232
11.47 24.89 0.0
11.47 24.89 0.0
11.669666833293658 24.880008330556052 -0.10000000000000009
11.867801324528312 24.852919066031248 -0.14685596556183
12.06564853029297 24.82365333229507 -0.14685596556183
12.26349573605763 24.79438759855889 -0.14685596556183
12.461342941822288 24.765121864822714 -0.14685596556183
12.659190147586946 24.735856131086535 -0.14685596556183
12.857037353351604 24.706590397350357 -0.14685596556183
13.05558644031273 24.68307363969302 -0.07074686461317681
13.255460093632026 24.678926293000004 0.02925313538682328
13.454749255004444 24.694753735474148 0.12925313538682293
13.651462693005788 24.73039782454211 0.22925313538682301
13.700999172678346 24.74262577632353 0.2547655188295792
13.700999172678346 24.74262577632353 0.2547655188295792
13.896739328539912 24.783276350231947 0.15476551882957912
14.095559884616272 24.80418243205712 0.05476551882957903
14.295464896819745 24.81012909465982 0.025438436417954957
14.495400188904568 24.81521623324218 0.025438436417954957
14.695335480989392 24.82030337182454 0.025438436417954957
14.895270773074216 24.825390510406898 0.025438436417954957
15.09520606515904 24.83047764898926 0.025438436417954957
15.295141357243864 24.83556478757162 0.025438436417954957
15.495076649328688 24.840651926153978 0.025438436417954957
15.695011941413512 24.84573906473634 0.025438436417954957
15.894947233498335 24.8508262033187 0.025438436417954957
16.09488252558316 24.855913341901058 0.025438436417954957
16.294817817667983 24.86100048048342 0.025438436417954957
16.494753109752807 24.866087619065777 0.025438436417954957
16.69468840183763 24.871174757648138 0.025438436417954957
16.894623693922455 24.8762618962305 0.025438436417954957
17.09455898600728 24.881349034812857 0.025438436417954957
17.294494278092102 24.886436173395218 0.025438436417954957
17.46 24.89 0.0
17.46 24.89 0.0
17.26030975386191 24.89972778067321 -0.07698138661370413
17.458616839985766 24.874410249812968 -0.17698138661370422
17.65340568107631 24.82942152719945 -0.2769813866137043
17.842730011422002 24.76521112527772 -0.3769813866137044
18.02469816489632 24.682420613158637 -0.47698138661370404
18.197491975860434 24.58187720627239 -0.5769813866137041
18.35938494567322 24.46458550110536 -0.6769813866137042
18.509211954835937 24.332194585503544 -0.7407161721116222
18.55075729564575 24.29525239334797 -0.7129180609396317
18.55075729564575 24.29525239334797 -0.7129180609396317
18.708331572198137 24.172219775133183 -0.6129180609396316
18.87740140034382 24.065532985948288 -0.512918060939632
19.052307057502887 23.968538290173655 -0.5061007406034115
19.227235337072134 23.871584192751506 -0.5061007406034115
19.402163616641378 23.774630095329357 -0.5061007406034115
19.577091896210625 23.677675997907205 -0.5061007406034115
19.75202017577987 23.580721900485056 -0.5061007406034115
19.926948455349116 23.483767803062907 -0.5061007406034115
20.101876734918363 23.386813705640755 -0.5061007406034115
20.276805014487607 23.289859608218606 -0.5061007406034115
20.451733294056854 23.192905510796457 -0.5061007406034115
20.626661573626098 23.095951413374305 -0.5061007406034115
20.801589853195345 22.998997315952156 -0.5061007406034115
20.97651813276459 22.902043218530004 -0.5061007406034115
21.147602227707015 22.798603406672107 -0.5929394372889316
21.307602916642626 22.67874324933897 -0.6929394372889317
21.454838219554517 22.543508478099334 -0.7929394372889318
21.58783700996552 22.39425031408475 -0.8929394372889314
21.705270407925394 22.232460095531863 -0.9929394372889315
21.80596505774005 22.059754376823715 -1.0929394372889316
21.888914851753768 21.877858776412722 -1.1929394372889317
21.95329098304431 21.688590735011495 -1.2929394372889316
21.99845022658775 21.49384135632602 -1.3929394372889314
22.02394136615026 21.29555651177254 -1.4929394372889315
22.03 21.14 -1.5707963267948966
22.03 21.14 -1.5707963267948966
22.03544118153621 20.94008267734243 -1.5383089482264614
22.041937514371998 20.740188211036617 -1.5383089482264614
22.048433847207786 20.5402937447308 -1.5383089482264614
22.054930180043574 20.340399278424986 -1.5383089482264614
22.06142651287936 20.140504812119172 -1.5383089482264614
22.06695598217525 19.940588954143653 -1.5694075998921684
22.062241040101206 19.800533558079184 -1.6394893095185195
22.062241040101206 19.800533558079184 -1.6394893095185195
22.057105133114057 19.60064289591443 -1.576894768938542
22.05588545224555 19.40064661500256 -1.576894768938542
22.054665771377046 19.200650334090692 -1.576894768938542
22.05344609050854 19.000654053178824 -1.576894768938542
22.052226409640035 18.800657772266955 -1.576894768938542
22.05100672877153 18.600661491355087 -1.576894768938542
22.049787047903024 18.40066521044322 -1.576894768938542
22.04856736703452 18.20066892953135 -1.576894768938542
22.047347686166013 18.00067264861948 -1.576894768938542
22.046128005297508 17.800676367707613 -1.576894768938542
22.044908324429002 17.600680086795744 -1.576894768938542
22.0436886435605 17.400683805883876 -1.576894768938542
22.042468962691995 17.200687524972007 -1.576894768938542
22.04124928182349 17.00069124406014 -1.576894768938542
22.040029600954984 16.80069496314827 -1.576894768938542
22.03880992008648 16.600698682236402 -1.576894768938542
22.037590239217973 16.400702401324533 -1.576894768938542
22.036370558349468 16.200706120412665 -1.576894768938542
22.035150877480962 16.000709839500797 -1.576894768938542
22.033931196612457 15.800713558588928 -1.576894768938542
22.03271151574395 15.60071727767706 -1.576894768938542
22.03149183487545 15.400720996765191 -1.576894768938542
22.030272154006944 15.200724715853323 -1.576894768938542
22.03 15.15 -1.5707963267948966
22.03 15.15 -1.5707963267948966
22.039961518320858 14.950330253206484 -1.476300106142182
22.05883264809416 14.751222542504264 -1.476300106142182
22.077703777867466 14.552114831802044 -1.476300106142182
22.09657490764077 14.353007121099822 -1.476300106142182
22.110720045048694 14.153560685258975 -1.545138607303575
22.11091269126806 14.145405576332106 -1.5492173021445836
22.11091269126806 14.145405576332106 -1.5492173021445836
22.108224515130917 13.945444064952955 -1.5944836900760726
22.10348748548794 13.745500171447398 -1.5944836900760726
22.09875045584496 13.545556277941841 -1.5944836900760726
22.094013426201986 13.345612384436283 -1.5944836900760726
22.089276396559008 13.145668490930726 -1.5944836900760726
22.08453936691603 12.94572459742517 -1.5944836900760726
22.07980233727305 12.745780703919612 -1.5944836900760726
22.075065307630076 12.545836810414055 -1.5944836900760726
22.070328277987098 12.345892916908499 -1.5944836900760726
22.06559124834412 12.145949023402942 -1.5944836900760726
22.06085421870114 11.946005129897383 -1.5944836900760726
22.056117189058167 11.746061236391826 -1.5944836900760726
22.05138015941519 11.54611734288627 -1.5944836900760726
22.04664312977221 11.346173449380712 -1.5944836900760726
22.041906100129232 11.146229555875156 -1.5944836900760726
22.037169070486257 10.946285662369597 -1.5944836900760726
22.03243204084328 10.74634176886404 -1.5944836900760726
22.03 10.62 -1.5707963267948966
22.03 10.62 -1.5707963267948966
22.05339268454426 10.421835857266979 -1.3357898920794293
22.1222847413932 10.23456565232657 -1.1007834573639625
22.218702519174997 10.059347748864916 -1.0650224465555231
22.315599434297848 9.884387788189123 -1.0650224465555231
22.4124963494207 9.70942782751333 -1.0650224465555231
22.50939326454355 9.534467866837538 -1.0650224465555231
22.606290179666402 9.359507906161745 -1.0650224465555231
22.658326599093257 9.264985544980753 -1.0903604978111785
22.658326599093257 9.264985544980753 -1.0903604978111785
22.770655753284906 9.100066151718805 -0.8553540630957115
22.91829865431999 8.96583568226703 -0.6203476283802445
23.093138735007226 8.86967336459227 -0.38534119366477704
23.284491680349614 8.812107604501481 -0.2574140538846077
23.47790198888328 8.761191471960673 -0.2574140538846077
23.671312297416943 8.710275339419866 -0.2574140538846077
23.864722605950604 8.65935920687906 -0.2574140538846077
24.05813291448427 8.60844307433825 -0.2574140538846077
24.251543223017933 8.557526941797443 -0.2574140538846077
24.444953531551597 8.506610809256635 -0.2574140538846077
24.63836384008526 8.455694676715828 -0.2574140538846077
24.831774148618923 8.40477854417502 -0.2574140538846077
25.026341627306863 8.359031865847642 -0.14581877758936823
25.15 8.35 0.0
25.15 8.35 0.0
25.349673491126364 8.340078915010869 -0.08809219022696668
25.151659937702895 8.367598188918528 -0.18809219022696677
24.957284125176514 8.41439747181336 -0.26109065945987187
25.147604859424337 8.353203551435895 -0.3610906594598715
25.171024207402603 8.344190994006121 -0.3736375745388245
25.171024207402603 8.344190994006121 -0.3736375745388245
25.360562186441282 8.280614014857003 -0.2736375745388244
25.555500372111684 8.236276879819602 -0.17363757453882434
25.753891006500595 8.211622590891304 -0.07363757453882425
25.95375183596842 8.206897485577455 0.0263624254611754
26.15341212016122 8.2183224714601 0.06438990335387995
26.352997657424456 8.231191555162763 0.06438990335387995
26.552583194687692 8.244060638865427 0.06438990335387995
26.752168731950924 8.256929722568092 0.06438990335387995
26.95175426921416 8.269798806270755 0.06438990335387995
27.15133980647739 8.28266788997342 0.06438990335387995
27.350925343740627 8.295536973676082 0.06438990335387995
27.550510881003863 8.308406057378747 0.06438990335387995
27.750096418267095 8.32127514108141 0.06438990335387995
27.94968195553033 8.334144224784074 0.06438990335387995
28.149272459883953 8.346932500576784 0.05539209215651164
28.26 8.35 0.0
28.26 8.35 0.0
28.459350956518207 8.336061897624951 -0.13960762590509956
28.654822811784435 8.294518807208858 -0.2792152518101991
28.845232750703822 8.233360146514652 -0.3155017522933061
29.03536091232614 8.171301447220213 -0.3155017522933061
29.22548907394846 8.109242747925773 -0.3155017522933061
29.415617235570778 8.047184048631335 -0.3155017522933061
29.605745397193097 7.985125349336895 -0.3155017522933061
29.795873558815412 7.923066650042457 -0.3155017522933061
29.98115978792579 7.848205958155086 -0.4537707502731192
30.12679450254776 7.766339297912998 -0.5704565694288006
30.12679450254776 7.766339297912998 -0.5704565694288006
30.287052330189635 7.646955449583134 -0.7100641953339002
30.429138149099458 7.5064325168381005 -0.8496718212390002
30.55028716051405 7.34750488678024 -0.9892794471440998
30.648141967759408 7.173265077145603 -1.1288870730491993
30.720798448016524 6.987103560071885 -1.268494698954299
30.766842803988148 6.792642788074809 -1.4081023248593987
30.78537907449097 6.593666705998629 -1.5477099507644985
30.776046568654127 6.394047120543329 -1.687317576669598
30.739026884477987 6.19766836011838 -1.8269252025746976
30.675040375181535 6.0083516910408905 -1.9665328284797972
30.58533213209845 5.829780960837178 -2.1061404543848967
30.471647756875868 5.665430915529025 -2.2457480802899963
30.336199394416223 5.518499585753716 -2.385355706195096
30.18162268751537 5.391846057392958 -2.5249633321001954
30.01092549080185 5.287934837610464 -2.664570958005295
29.8274293419349 5.208787898860203 -2.8041785839103945
29.634704828952987 5.155945334024392 -2.943786209815494
29.437513950327467 5.12259025511255 -2.9782914376121554
29.2401747581051 5.090074978502573 -2.9782914376121554
29.04283556588273 5.057559701892595 -2.9782914376121554
28.845496373660364 5.025044425282618 -2.9782914376121554
28.648157181437995 4.992529148672641 -2.9782914376121554
28.450817989215626 4.960013872062663 -2.9782914376121554
28.25347879699326 4.927498595452686 -2.9782914376121554
28.05613960477089 4.8949833188427085 -2.9782914376121554
27.858800412548522 4.862468042232731 -2.9782914376121554
27.661461220326157 4.829952765622753 -2.9782914376121554
27.464122028103787 4.797437489012776 -2.9782914376121554
27.266782835881422 4.764922212402799 -2.9782914376121554
27.069443643659053 4.73240693579282 -2.9782914376121554
26.872104451436684 4.6998916591828435 -2.9782914376121554
26.67476525921432 4.667376382572866 -2.9782914376121554
26.477389612693194 4.635090952037769 -2.9963163205882197
26.278120869758855 4.620023017477654 -3.1359239464933193
26.27 4.62 3.141592653589793
26.27 4.62 -3.141592653589793
26.070485963467593 4.607935960018245 -3.0208054726891564
25.873245189391334 4.57504411484067 -2.962077124252051
25.676459127011164 4.539333533034893 -2.962077124252051
25.47967306463099 4.503622951229115 -2.962077124252051
25.282887002250817 4.467912369423338 -2.962077124252051
25.086100939870647 4.432201787617561 -2.962077124252051
24.889314877490474 4.396491205811783 -2.962077124252051
24.692528815110304 4.360780624006005 -2.962077124252051
24.49574275273013 4.3250700422002275 -2.962077124252051
24.29895669034996 4.28935946039445 -2.962077124252051
24.103534698504813 4.247224104759828 -2.8729983334541247
23.914375772824297 4.182646301533574 -2.752211152553488
23.86579937998097 4.1618018325581385 -2.7202858692386798
23.86579937998097 4.1618018325581385 -2.7202858692386798
23.688665416493194 4.06920080225476 -2.5994986883380427
23.523979874421563 3.9559309295316516 -2.478711507437406
23.37414252082015 3.82364276188291 -2.357924326536769
23.24133675770543 3.6742639778550172 -2.237137145636132
23.127497805928627 3.509971297274004 -2.116349964735495
23.034284505497848 3.333158762489454 -1.9955627838348584
22.954672513831454 3.1496880928285087 -1.9790744247372953
22.875266604710383 2.9661269270099835 -1.9790744247372953
22.79586069558931 2.7825657611914583 -1.9790744247372953
22.71645478646824 2.599004595372933 -1.9790744247372953
22.63704887734717 2.415443429554408 -1.9790744247372953
22.557642968226098 2.2318822637358826 -1.9790744247372953
22.478237059105027 2.0483210979173574 -1.9790744247372953
22.398831149983955 1.8647599320988322 -1.9790744247372953
22.319425240862884 1.6811987662803065 -1.9790744247372953
22.240019331741813 1.4976376004617808 -1.9790744247372953
22.16061342262074 1.314076434643256 -1.9790744247372953
22.086565464718188 1.128372456730193 -1.8955792839941767
22.034333249717225 0.935439339950753 -1.7747921030935396
22.005728816957856 0.7376182635694661 -1.6540049221929027
22.0 0.6000000000000005 -1.5707963267948966
22.0 0.6 -1.5707963267948966
