3.9 1.22 3.141592653589793
3.8999999999999995 1.22 3.141592653589793
4.014465180469853 1.2243090218490065 -3.100232568343262
4.21429413918952 1.2325786806698633 -3.100232568343262
4.414123097909188 1.24084833949072 -3.100232568343262
4.613853960928081 1.2505821252886904 -3.0236127590663218
4.613853960928081 1.2505821252886904 -3.0236127590663218
4.419274889853445 1.227518598535305 -3.0236127590663218
4.6178651876338614 1.2194961123102404 2.9036225986932562
4.797783000850007 1.13524005326356 2.503622598693256
4.930687425886277 0.98757178719283 2.1036225986932564
4.99559577633271 0.7998048863799323 1.703622598693256
5.0 0.6000000000000001 1.5707963267948966
5.0 0.4 1.5707963267948966
5.0 0.2 1.5707963267948966
5.0 0.2 1.5707963267948966
