4.0 4.73 3.141592653589793
4.0 4.73 3.141592653589793
4.089462043033408 4.738068558784572 -2.9616998721763803
4.273973098892192 4.811730088998645 -2.568326293736361
4.447199387254025 4.9107795456888885 -2.775962388057282
4.447199387254025 4.9107795456888885 -2.775962388057282
4.35531688333591 4.875602831868609 -2.775962388057282
4.5501443321666635 4.914746147939445 3.1413039892524566
4.744842101770944 4.875220440992243 2.741303989252457
4.90877858769485 4.7629959713722965 2.3413039892524576
5.016071823447396 4.595790515240309 1.9413039892524573
5.05 4.4 1.5707963267948966
5.05 4.2 1.5707963267948966
5.05 4.2 1.5707963267948966
