12.76 4.63 3.141592653589793
12.76 4.63 3.141592653589793
12.900719619613946 4.6224312741484175 3.0567113891181066
13.099999569183922 4.6054753990784505 3.0567113891181066
13.299279518753897 4.588519524008483 3.0567113891181066
13.498588708307727 4.571944967817554 3.0817609846296836
13.698315211422955 4.576380414617656 -3.0373530788959515
13.894635014864724 4.61337884717281 -2.8732818352420004
13.894635014864724 4.61337884717281 -2.8732818352420004
13.923190856609452 4.620859312502996 -2.8974988292727257
14.120348998979136 4.653093085665448 -3.061570072926676
14.32023035120482 4.655328262231869 3.1233552396484257
14.52019709179996 4.651680981634349 3.1233552396484257
14.720163832395096 4.6480337010368284 3.1233552396484257
14.920130572990233 4.644386420439307 3.1233552396484257
15.12009731358537 4.640739139841787 3.1233552396484257
15.320064054180508 4.637091859244267 3.1233552396484257
15.520030794775645 4.6334445786467455 3.1233552396484257
15.72 4.63 -3.141592653589793
15.72 4.63 3.141592653589793
