17.46 24.89 0.0
17.46 24.89 0.0
17.294494278092102 24.886436173395218 0.025438436417954957
17.09455898600728 24.881349034812857 0.025438436417954957
16.894623693922455 24.8762618962305 0.025438436417954957
16.69468840183763 24.871174757648138 0.025438436417954957
16.494753109752807 24.866087619065777 0.025438436417954957
16.294817817667983 24.86100048048342 0.025438436417954957
16.09488252558316 24.855913341901058 0.025438436417954957
15.894947233498335 24.8508262033187 0.025438436417954957
15.695011941413512 24.84573906473634 0.025438436417954957
15.495076649328688 24.840651926153978 0.025438436417954957
15.295141357243864 24.83556478757162 0.025438436417954957
15.09520606515904 24.83047764898926 0.025438436417954957
14.895270773074216 24.825390510406898 0.025438436417954957
14.695335480989392 24.82030337182454 0.025438436417954957
14.495400188904568 24.81521623324218 0.025438436417954957
14.295464896819745 24.81012909465982 0.025438436417954957
14.095559884616272 24.80418243205712 0.05476551882957903
13.896739328539912 24.783276350231947 0.15476551882957912
13.700999172678346 24.74262577632353 0.2547655188295792
13.700999172678346 24.74262577632353 0.2547655188295792
13.651462693005788 24.73039782454211 0.22925313538682301
13.454749255004444 24.694753735474148 0.12925313538682293
13.255460093632026 24.678926293000004 0.02925313538682328
13.05558644031273 24.68307363969302 -0.07074686461317681
12.857037353351604 24.706590397350357 -0.14685596556183
12.659190147586946 24.735856131086535 -0.14685596556183
12.461342941822288 24.765121864822714 -0.14685596556183
12.26349573605763 24.79438759855889 -0.14685596556183
12.06564853029297 24.82365333229507 -0.14685596556183
11.867801324528312 24.852919066031248 -0.14685596556183
11.669666833293658 24.880008330556052 -0.10000000000000009
11.47 24.89 0.0
11.47 24.89 0.0
