11.47 24.89 0.0
11.47 24.89 0.0
11.463871606597575 24.889990610676538 0.003064201496344232
11.264123027078499 24.880844806935475 0.06482687261057629
11.064543132263669 24.86788851172035 0.06482687261057629
10.86496323744884 24.85493221650522 0.06482687261057629
10.66538334263401 24.84197592129009 0.06482687261057629
10.46580344781918 24.829019626074963 0.06482687261057629
10.266223553004352 24.816063330859834 0.06482687261057629
10.066643658189522 24.803107035644704 0.06482687261057629
9.867063763374691 24.790150740429578 0.06482687261057629
9.667483868559863 24.777194445214448 0.06482687261057629
9.467903973745033 24.76423814999932 0.06482687261057629
9.268324078930203 24.751281854784192 0.06482687261057629
9.068744184115374 24.738325559569063 0.06482687261057629
8.869164289300544 24.725369264353933 0.06482687261057629
8.669469695804153 24.714769428112287 0.016253182381994247
8.469666845242113 24.721514699276376 -0.08374681761800584
8.469666845242113 24.721514699276376 -0.08374681761800584
8.395767919701923 24.726370074814188 -0.05200228938565399
8.196038282576687 24.73676584577268 -0.05200228938565399
7.9963086454514505 24.747161616731173 -0.05200228938565399
7.796579008326214 24.757557387689666 -0.05200228938565399
7.596849371200978 24.767953158648158 -0.05200228938565399
7.397119734075741 24.77834892960665 -0.05200228938565399
7.197390096950505 24.788744700565143 -0.05200228938565399
6.997660459825268 24.799140471523636 -0.05200228938565399
6.797930822700033 24.809536242482128 -0.05200228938565399
6.598201185574796 24.81993201344062 -0.05200228938565399
6.39847154844956 24.830327784399113 -0.05200228938565399
6.198741911324324 24.840723555357606 -0.05200228938565399
5.999012274199087 24.8511193263161 -0.05200228938565399
5.799282637073851 24.86151509727459 -0.05200228938565399
5.599552999948615 24.871910868233083 -0.05200228938565399
5.399823362823379 24.882306639191576 -0.05200228938565399
5.2 24.89 0.0
5.2 24.89 0.0
