5.2 24.89 0.0
5.2 24.89 0.0
5.173820547112135 24.889828651721565 0.013090100273758676
4.974301608322291 24.877224254077557 0.11309010027375876
4.777037773256121 24.844764168575807 0.21309010027375885
4.584000036946853 24.79277272566077 0.31309010027375894
4.397117168645896 24.721769406643975 0.4130901002737586
4.217999860961929 24.632935971242667 0.48990566086711373
4.0415244103375425 24.538827441730618 0.48990566086711373
3.865048959713155 24.444718912218573 0.48990566086711373
3.6885735090887684 24.350610382706527 0.48990566086711373
3.5120980584643813 24.256501853194482 0.48990566086711373
3.337571042481882 24.158917720417094 0.5530320261382373
3.1729157062740097 24.04553651371128 0.6530320261382374
3.1729157062740097 24.04553651371128 0.6530320261382374
3.0465898005160628 23.940394476682577 0.7352334530432758
2.905204080539011 23.799055324419786 0.8352334530432759
2.778635070727372 23.644307259711063 0.935233453043276
2.6681474067890325 23.47769647406607 1.0352334530432756
2.574845044939698 23.300887687380765 1.1352334530432753
2.4996602315373067 23.115647514606493 1.2352334530432758
2.4433441883845806 22.92382681431736 1.3352334530432763
2.406459606769092 22.727342195543155 1.435233453043276
2.3893750252379227 22.528156867645496 1.5352334530432756
2.3922529638633176 22.328260512216865 1.632369985807233
2.4045599156351978 22.128639523996476 1.632369985807233
2.416866867407078 21.929018535776088 1.632369985807233
2.4291738191789585 21.7293975475557 1.632369985807233
2.4414807709508386 21.52977655933531 1.632369985807233
2.45 21.33 1.5707963267948966
2.45 21.33 1.5707963267948966
