18.91 15.15 1.5707963267948966
18.91 15.149999999999999 1.5707963267948966
18.909582531852454 15.110934293712731 1.557497421852788
18.906922829265202 14.910951979539332 1.557497421852788
18.904263126677954 14.710969665365935 1.557497421852788
18.901603424090702 14.510987351192538 1.557497421852788
18.89894372150345 14.311005037019141 1.557497421852788
18.8962840189162 14.111022722845744 1.557497421852788
18.89362431632895 13.911040408672347 1.557497421852788
18.890964613741698 13.71105809449895 1.557497421852788
18.88830491115445 13.511075780325553 1.557497421852788
18.885645208567198 13.311093466152156 1.557497421852788
18.88298550597995 13.11111115197876 1.557497421852788
18.880325803392697 12.91112883780536 1.557497421852788
18.877666100805445 12.711146523631964 1.557497421852788
18.875006398218197 12.511164209458567 1.557497421852788
18.872346695630945 12.31118189528517 1.557497421852788
18.869686993043693 12.111199581111773 1.557497421852788
18.867027290456445 11.911217266938374 1.557497421852788
18.864367587869193 11.711234952764977 1.557497421852788
18.86170788528194 11.51125263859158 1.557497421852788
18.859048182694693 11.311270324418183 1.557497421852788
18.85825031823139 11.111298498555385 1.614294565379744
18.884168828457117 10.913237188167148 1.787541381593572
18.884168828457117 10.913237188167148 1.787541381593572
18.90051771536997 10.819558349462499 1.702400843568654
18.91 10.62 1.5707963267948966
18.91 10.62 1.5707963267948966
