22.0 0.6 -1.5707963267948966
22.0 0.6000000000000005 -1.5707963267948966
22.005728816957856 0.7376182635694661 -1.6540049221929027
22.034333249717225 0.935439339950753 -1.7747921030935396
22.086565464718188 1.128372456730193 -1.8955792839941767
22.16061342262074 1.314076434643256 -1.9790744247372953
22.240019331741813 1.4976376004617808 -1.9790744247372953
22.319425240862884 1.6811987662803065 -1.9790744247372953
22.398831149983955 1.8647599320988322 -1.9790744247372953
22.478237059105027 2.0483210979173574 -1.9790744247372953
22.557642968226098 2.2318822637358826 -1.9790744247372953
22.63704887734717 2.415443429554408 -1.9790744247372953
22.71645478646824 2.599004595372933 -1.9790744247372953
22.79586069558931 2.7825657611914583 -1.9790744247372953
22.875266604710383 2.9661269270099835 -1.9790744247372953
22.954672513831454 3.1496880928285087 -1.9790744247372953
23.034284505497848 3.333158762489454 -1.9955627838348584
23.127497805928627 3.509971297274004 -2.116349964735495
23.24133675770543 3.6742639778550172 -2.237137145636132
23.37414252082015 3.82364276188291 -2.357924326536769
23.523979874421563 3.9559309295316516 -2.478711507437406
23.688665416493194 4.06920080225476 -2.5994986883380427
23.86579937998097 4.1618018325581385 -2.7202858692386798
23.86579937998097 4.1618018325581385 -2.7202858692386798
23.914375772824297 4.182646301533574 -2.752211152553488
24.103534698504813 4.247224104759828 -2.8729983334541247
24.29895669034996 4.28935946039445 -2.962077124252051
24.49574275273013 4.3250700422002275 -2.962077124252051
24.692528815110304 4.360780624006005 -2.962077124252051
24.889314877490474 4.396491205811783 -2.962077124252051
25.086100939870647 4.432201787617561 -2.962077124252051
25.282887002250817 4.467912369423338 -2.962077124252051
25.47967306463099 4.503622951229115 -2.962077124252051
25.676459127011164 4.539333533034893 -2.962077124252051
25.873245189391334 4.57504411484067 -2.962077124252051
26.070485963467593 4.607935960018245 -3.0208054726891564
26.27 4.62 -3.141592653589793
26.27 4.62 3.141592653589793
