22.03 10.62 -1.5707963267948966
22.03 10.62 -1.5707963267948966
22.03243204084328 10.74634176886404 -1.5944836900760726
22.037169070486257 10.946285662369597 -1.5944836900760726
22.041906100129232 11.146229555875156 -1.5944836900760726
22.04664312977221 11.346173449380712 -1.5944836900760726
22.05138015941519 11.54611734288627 -1.5944836900760726
22.056117189058167 11.746061236391826 -1.5944836900760726
22.06085421870114 11.946005129897383 -1.5944836900760726
22.06559124834412 12.145949023402942 -1.5944836900760726
22.070328277987098 12.345892916908499 -1.5944836900760726
22.075065307630076 12.545836810414055 -1.5944836900760726
22.07980233727305 12.745780703919612 -1.5944836900760726
22.08453936691603 12.94572459742517 -1.5944836900760726
22.089276396559008 13.145668490930726 -1.5944836900760726
22.094013426201986 13.345612384436283 -1.5944836900760726
22.09875045584496 13.545556277941841 -1.5944836900760726
22.10348748548794 13.745500171447398 -1.5944836900760726
22.108224515130917 13.945444064952955 -1.5944836900760726
22.11091269126806 14.145405576332106 -1.5492173021445836
22.11091269126806 14.145405576332106 -1.5492173021445836
22.110720045048694 14.153560685258975 -1.545138607303575
22.09657490764077 14.353007121099822 -1.476300106142182
22.077703777867466 14.552114831802044 -1.476300106142182
22.05883264809416 14.751222542504264 -1.476300106142182
22.039961518320858 14.950330253206484 -1.476300106142182
22.03 15.15 -1.5707963267948966
22.03 15.15 -1.5707963267948966
