26.27 4.62 3.141592653589793
26.27 4.62 3.141592653589793
26.278120869758855 4.620023017477654 -3.1359239464933193
26.477389612693194 4.635090952037769 -2.9963163205882197
26.67476525921432 4.667376382572866 -2.9782914376121554
26.872104451436684 4.6998916591828435 -2.9782914376121554
27.069443643659053 4.73240693579282 -2.9782914376121554
27.266782835881422 4.764922212402799 -2.9782914376121554
27.464122028103787 4.797437489012776 -2.9782914376121554
27.661461220326157 4.829952765622753 -2.9782914376121554
27.858800412548522 4.862468042232731 -2.9782914376121554
28.05613960477089 4.8949833188427085 -2.9782914376121554
28.25347879699326 4.927498595452686 -2.9782914376121554
28.450817989215626 4.960013872062663 -2.9782914376121554
28.648157181437995 4.992529148672641 -2.9782914376121554
28.845496373660364 5.025044425282618 -2.9782914376121554
29.04283556588273 5.057559701892595 -2.9782914376121554
29.2401747581051 5.090074978502573 -2.9782914376121554
29.437513950327467 5.12259025511255 -2.9782914376121554
29.634704828952987 5.155945334024392 -2.943786209815494
29.8274293419349 5.208787898860203 -2.8041785839103945
30.01092549080185 5.287934837610464 -2.664570958005295
30.18162268751537 5.391846057392958 -2.5249633321001954
30.336199394416223 5.518499585753716 -2.385355706195096
30.471647756875868 5.665430915529025 -2.2457480802899963
30.58533213209845 5.829780960837178 -2.1061404543848967
30.675040375181535 6.0083516910408905 -1.9665328284797972
30.739026884477987 6.19766836011838 -1.8269252025746976
30.776046568654127 6.394047120543329 -1.687317576669598
30.78537907449097 6.593666705998629 -1.5477099507644985
30.766842803988148 6.792642788074809 -1.4081023248593987
30.720798448016524 6.987103560071885 -1.268494698954299
30.648141967759408 7.173265077145603 -1.1288870730491993
30.55028716051405 7.34750488678024 -0.9892794471440998
30.429138149099458 7.5064325168381005 -0.8496718212390002
30.287052330189635 7.646955449583134 -0.7100641953339002
30.12679450254776 7.766339297912998 -0.5704565694288006
30.12679450254776 7.766339297912998 -0.5704565694288006
29.98115978792579 7.848205958155086 -0.4537707502731192
29.795873558815412 7.923066650042457 -0.3155017522933061
29.605745397193097 7.985125349336895 -0.3155017522933061
29.415617235570778 8.047184048631335 -0.3155017522933061
29.22548907394846 8.109242747925773 -0.3155017522933061
29.03536091232614 8.171301447220213 -0.3155017522933061
28.845232750703822 8.233360146514652 -0.3155017522933061
28.654822811784435 8.294518807208858 -0.2792152518101991
28.459350956518207 8.336061897624951 -0.13960762590509956
28.26 8.35 0.0
28.26 8.35 0.0
