0.75 5.75 1.5707963267948966
0.7499999999999998 5.75 1.5707963267948966
0.7670972597423182 5.620366117655831 1.833060292225694
0.8556989336210437 5.442548102864175 2.2330602922256935
1.005118512688892 5.3110670310009604 2.530510907010334
1.1689240808858634 5.196316275763065 2.530510907010334
1.3326265465950597 5.081421089466194 2.503868159623228
1.3326265465950597 5.081421089466194 2.503868159623228
1.470149678378643 4.986829543890226 2.5411699515152275
1.6351690515061692 4.873831285086834 2.5411699515152275
1.8052908288456748 4.769469502998558 2.7415926535897928
2.0 4.73 -3.141592653589793
2.0 4.73 3.141592653589793
