28.26 8.35 0.0
28.26 8.35 0.0
28.149272459883953 8.346932500576784 0.05539209215651164
27.94968195553033 8.334144224784074 0.06438990335387995
27.750096418267095 8.32127514108141 0.06438990335387995
27.550510881003863 8.308406057378747 0.06438990335387995
27.350925343740627 8.295536973676082 0.06438990335387995
27.15133980647739 8.28266788997342 0.06438990335387995
26.95175426921416 8.269798806270755 0.06438990335387995
26.752168731950924 8.256929722568092 0.06438990335387995
26.552583194687692 8.244060638865427 0.06438990335387995
26.352997657424456 8.231191555162763 0.06438990335387995
26.15341212016122 8.2183224714601 0.06438990335387995
25.95375183596842 8.206897485577455 0.0263624254611754
25.753891006500595 8.211622590891304 -0.07363757453882425
25.555500372111684 8.236276879819602 -0.17363757453882434
25.360562186441282 8.280614014857003 -0.2736375745388244
25.171024207402603 8.344190994006121 -0.3736375745388245
25.171024207402603 8.344190994006121 -0.3736375745388245
25.147604859424337 8.353203551435895 -0.3610906594598715
24.957284125176514 8.41439747181336 -0.26109065945987187
25.151659937702895 8.367598188918528 -0.18809219022696677
25.349673491126364 8.340078915010869 -0.08809219022696668
25.15 8.35 0.0
25.15 8.35 0.0
