6.0 4.2 -1.5707963267948966
6.0 4.2 -1.5707963267948966
6.000267375551271 4.241770941659845 -1.5774632483609874
6.001600749986835 4.441766496891992 -1.5774632483609874
6.002934124422399 4.641762052124138 -1.5774632483609874
6.0042674988579625 4.841757607356285 -1.5774632483609874
6.005072521725278 5.041748588202611 -1.5314892386362726
6.005072521725278 5.041748588202611 -1.5314892386362726
6.004071646662267 5.15001384156879 -1.5639908992822442
6.0027105716658955 5.350009210202302 -1.5639908992822442
6.001349496669524 5.550004578835814 -1.5639908992822442
6.0 5.75 -1.5707963267948966
6.0 5.75 -1.5707963267948966
