5.0 0.2 1.5707963267948966
5.0 0.4 1.5707963267948966
5.0 0.6000000000000001 1.5707963267948966
4.99559577633271 0.7998048863799323 1.703622598693256
4.930687425886277 0.98757178719283 2.1036225986932564
4.797783000850007 1.13524005326356 2.503622598693256
4.6178651876338614 1.2194961123102404 2.9036225986932562
4.419274889853445 1.227518598535305 -3.0236127590663218
4.613853960928081 1.2505821252886904 -3.0236127590663218
4.613853960928081 1.2505821252886904 -3.0236127590663218
4.414123097909188 1.24084833949072 -3.100232568343262
4.21429413918952 1.2325786806698633 -3.100232568343262
4.014465180469853 1.2243090218490065 -3.100232568343262
3.9 1.22 3.141592653589793
3.9 1.22 -3.141592653589793
3.700608795305121 1.2350469382549965 3.0574174442920308
3.501316923624731 1.2518621064708315 3.0574174442920308
3.4749102153769202 1.2540528311489854 3.0696155687512174
3.4749102153769202 1.2540528311489854 3.0696155687512174
3.2835436389128554 1.3074226391960517 2.669615568751217
3.1280665319549543 1.4311011426255436 2.2696155687512176
3.0330253110603445 1.6055622251895914 1.8696155687512173
3.0134248952413714 1.8032623180026217 1.4696155687512178
3.072359759181795 1.9929889234402387 1.0696155687512174
3.2005253837255503 2.144788382213538 0.6696155687512175
3.3776872348636706 2.234694897549591 0.2696155687512176
3.36 2.23 0.0
3.559308043886538 2.245998005325542 0.09027995087994523
3.7584935503676853 2.2640294780288133 0.09027995087994523
3.957679056848833 2.2820609507320846 0.09027995087994523
4.1344077897142775 2.2963976522595155 0.00889212028917008
4.1344077897142775 2.2963976522595155 0.00889212028917008
4.331722854899756 2.266909257285317 -0.20605604855414983
4.528294036189072 2.2310062807421116 -0.06345450203166392
4.56 2.23 0.0
4.360777751309508 2.2176112419569805 -0.06972994782969044
4.557763726980356 2.2434187677500783 0.33027005217030947
4.685906483379488 2.286075905274452 0.20577037416674138
4.685906483379488 2.286075905274452 0.20577037416674138
4.487521989041887 2.272403118214949 -0.12528350554979895
4.685637036581063 2.2872331868967573 0.27471649445020097
4.862337978432033 2.37804221809706 0.6747164944502009
4.989727621177857 2.5304934624988324 1.0747164944502003
5.047693941273169 2.7205182207098755 1.4747164944502007
5.05 2.920444342731015 1.5707963267948966
5.05 3.0 1.5707963267948966
5.089469502998558 3.1947091711543254 1.1707963267948962
5.152390535241048 3.3834730592990203 1.4380850957010596
5.1578504748619745 3.436067847639015 1.6435541732807177
5.1578504748619745 3.436067847639015 1.6435541732807177
5.1295435667766744 3.63402210382608 1.720164791223172
5.099780835055403 3.8317951550754543 1.720164791223172
5.070018103334131 4.029568206324829 1.720164791223172
5.05 4.2 1.5707963267948966
5.016071823447396 4.595790515240309 1.9413039892524573
4.90877858769485 4.7629959713722965 2.3413039892524576
4.744842101770944 4.875220440992243 2.741303989252457
4.5501443321666635 4.914746147939445 3.1413039892524566
4.35531688333591 4.875602831868609 -2.775962388057282
4.447199387254025 4.9107795456888885 -2.775962388057282
4.447199387254025 4.9107795456888885 -2.775962388057282
4.273973098892192 4.811730088998645 -2.568326293736361
4.089462043033408 4.738068558784572 -2.9616998721763803
4.0 4.73 3.141592653589793
4.0 4.73 -3.141592653589793
3.800837143422715 4.7350747556310235 2.9408970425403567
3.6178732094474526 4.8125208833785305 2.5620842875649803
3.693679643101716 4.751605484254608 2.3672790920901834
3.693679643101716 4.751605484254608 2.3672790920901834
3.5445105160987795 4.884816444185847 2.4155610097152174
3.3949475352667333 5.017597899083107 2.4155610097152174
3.2475900593143896 5.152682780540398 2.30259768087092
3.21 5.2 2.181661564992912
3.353596494564482 5.062529877317998 2.527246534757964
3.517045240835682 4.947271649996182 2.538650344734406
3.699803387249495 4.869368101181351 2.9386503447344055
3.898471858086959 4.868783555493479 -2.9445349624451804
3.9759266432887608 4.890862015608301 -2.783280174653461
3.9759266432887608 4.890862015608301 -2.783280174653461
3.7818705001678268 4.843208792214829 -2.9263678816252967
3.586484817166412 4.800495388252247 -2.9263678816252967
3.3910991341649974 4.7577819842896645 -2.9263678816252967
3.21 4.73 3.141592653589793
3.21 4.73 -3.141592653589793
3.0152908288456746 4.769469502998558 2.7415926535897928
2.8314039193340346 4.846412393368742 2.912559974024103
2.63281831149799 4.852179486132532 -2.970625333155483
2.4405786464697483 4.798229367441527 -2.965320970097653
2.6253492868181576 4.871231514422257 -2.5653209700976527
2.6503402671023117 4.888575567110307 -2.5044719492745307
2.6503402671023117 4.888575567110307 -2.5044719492745307
2.4703509558580716 4.804472351735497 -2.9044719492745306
2.273441885895612 4.769573789313214 -2.971856649427823
2.0763048419432164 4.735856730192528 -2.9883843012745737
2.0 4.73 3.141592653589793
2.0 4.73 -3.141592653589793
1.8052908288456748 4.769469502998558 2.7415926535897928
1.6351690515061692 4.873831285086834 2.5411699515152275
1.470149678378643 4.986829543890226 2.5411699515152275
1.3326265465950597 5.081421089466194 2.503868159623228
1.3326265465950597 5.081421089466194 2.503868159623228
1.1689240808858634 5.196316275763065 2.530510907010334
1.005118512688892 5.3110670310009604 2.530510907010334
0.8556989336210437 5.442548102864175 2.2330602922256935
0.7670972597423182 5.620366117655831 1.833060292225694
0.7499999999999998 5.75 1.5707963267948966
0.75 5.75 1.5707963267948966
0.7894695029985574 5.944709171154325 1.1707963267948962
0.9016466453264173 6.108678045449762 0.7707963267948967
1.068015732353338 6.21777823203895 0.4587678685655727
1.2473354962803291 6.306346975200226 0.4587678685655727
1.4266552602073204 6.394915718361502 0.4587678685655727
1.6059750241343118 6.483484461522778 0.4587678685655727
1.7501644973618222 6.551057792772308 0.34438609464736736
1.7501644973618222 6.551057792772308 0.34438609464736736
1.9287575675137818 6.640295844104645 0.3843777314494532
2.0 6.67 0.0
2.1996227207161234 6.681946147512645 0.0650624323617528
2.3991995580121204 6.694949455358239 0.0650624323617528
2.576184191093553 6.70855084415343 0.15599331535493555
2.576184191093553 6.70855084415343 0.15599331535493555
2.7756664201051335 6.707909184867304 -0.06325426837147585
2.9752664432474627 6.695266765732433 -0.06325426837147585
3.174866466389792 6.682624346597563 -0.06325426837147585
3.3744801040467793 6.670240925215358 -0.031044778379914373
3.39 6.67 0.0
3.589564304598402 6.670055309227615 0.03893327883859454
3.5104380683890364 6.6606182732933075 0.19847644571122958
3.5104380683890364 6.6606182732933075 0.19847644571122958
3.7097877956390715 6.67039414017846 -0.0003980760609123557
3.909787779792617 6.67031452496838 -0.0003980760609123557
4.109787763946162 6.6702349097583005 -0.0003980760609123557
4.309787748099707 6.670155294548221 -0.0003980760609123557
4.509787732253252 6.670075679338141 -0.0003980760609123557
4.7 6.67 0.0
4.894709171154325 6.630530497001443 -0.3999999999999999
5.070904450838252 6.536067579498088 -0.5062274048777615
5.096082403219325 6.522405536103797 -0.4739913843760055
5.096082403219325 6.522405536103797 -0.4739913843760055
5.273663496552639 6.430400356427436 -0.47804491942140004
5.451242705053492 6.338391526915206 -0.47804491942140004
5.628821913554345 6.246382697402977 -0.47804491942140004
5.802629003166433 6.148014681189641 -0.6500899441051486
5.933733987833953 5.99874651313668 -1.0500899441051486
5.996361912767918 5.810206740099204 -1.4500899441051485
6.0 5.75 -1.5707963267948966
6.001349496669524 5.550004578835814 -1.5639908992822442
6.0027105716658955 5.350009210202302 -1.5639908992822442
6.004071646662267 5.15001384156879 -1.5639908992822442
6.005072521725278 5.041748588202611 -1.5314892386362726
6.005072521725278 5.041748588202611 -1.5314892386362726
6.0042674988579625 4.841757607356285 -1.5774632483609874
6.002934124422399 4.641762052124138 -1.5774632483609874
6.001600749986835 4.441766496891992 -1.5774632483609874
6.000267375551271 4.241770941659845 -1.5774632483609874
6.0 4.2 -1.5707963267948966
6.0016910652022615 4.000007200575425 -1.5622495900125413
6.003400391748442 3.800014505201922 -1.5622495900125413
6.005109718294622 3.60002180982842 -1.5622495900125413
6.005618014291207 3.527642800098376 -1.5832565830000003
6.005618014291207 3.527642800098376 -1.5832565830000003
6.003477330165428 3.3276542572010603 -1.5814960776052305
6.001337420835041 3.127665705558578 -1.5814960776052305
6.0 3.0 -1.5707963267948966
6.038770312914129 2.80502482992769 -1.2255006664420014
6.106465293146613 2.6168297459023 -1.2255006664420014
6.174705938153728 2.4288409228816197 -1.1771939484479466
6.240403365182126 2.315429222014743 -0.9143050555051628
6.240403365182126 2.315429222014743 -0.9143050555051628
6.137653986054005 2.485656771558847 -1.2224988921265427
6.241207393374229 2.316109743183446 -0.8224988921265428
6.402611120386288 2.200272184916818 -0.4224988921265429
6.596383067541057 2.156432300172364 -0.02249889212654299
6.792884735920427 2.188391564424656 0.2159040005054904
6.9 2.2 0.0
7.094983991489255 2.1612594593722214 -0.3210495360107992
7.292199548887476 2.137269317257873 0.07895046398920069
7.2417339524741235 2.1183889597707513 0.34957903852121675
7.2417339524741235 2.1183889597707513 0.34957903852121675
7.4279588342938965 2.1897538557085725 0.20750235868201772
7.5 2.2 0.0
7.69856890624472 2.177465885028505 -0.13615700203888226
7.888846216146645 2.153132621456617 -0.0531981716023493
7.888846216146645 2.153132621456617 -0.0531981716023493
8.081181219212334 2.103365668623651 -0.4531981716023492
8.2389533240436 1.9826284915170542 -0.8531981716023491
8.33862871799833 1.8105191835890462 -1.1445259735102518
8.273700119855176 1.9993329728562812 -1.134767172307424
8.320157697110607 1.8061719091966681 -1.5347671723074239
8.287727498187559 1.6101673551772042 -1.934767172307424
8.258445345104068 1.5469387755067836 -2.074240125390072
8.258445345104068 1.5469387755067836 -2.074240125390072
8.129936520713168 1.395429749200671 -2.474240125390072
7.95257166131262 1.3059243881970914 -2.874240125390072
7.754480970824129 1.2809558238686394 -3.0587083765729175
7.555167557966851 1.2643979419031062 -3.0587083765729175
7.355854145109574 1.2478400599375727 -3.0587083765729175
7.156540732252297 1.2312821779720393 -3.0587083765729175
7.0 1.22 3.141592653589793
7.0 1.22 -3.141592653589793
6.8030152758734515 1.251217185985954 3.0034712415937097
6.604726172158301 1.2389316519560565 -2.879714065585877
6.426874025486782 1.1503985117040008 -2.4797140655858767
6.330836472918229 1.051893943875447 -2.159339329227123
6.330836472918229 1.051893943875447 -2.159339329227123
6.244442975765641 0.8718868927606435 -1.976533542683068
6.165503729740168 0.6881245586523453 -1.976533542683068
6.086564483714694 0.5043622245440473 -1.976533542683068
6.014174252280306 0.3182088949808781 -1.809473791292005
6.0 0.19999999999999996 -1.5707963267948966
6.0 0.2 -1.5707963267948966
