14.34 8.28 0.0
14.34 8.28 0.0
14.311370575554928 8.280224840616889 -0.015706637412957747
14.111968383042466 8.294319308469726 -0.12542586457043647
13.915308552779234 8.330163409290765 -0.23514509172791476
13.723644500565413 8.387001282846231 -0.31741124436030965
13.53059519573305 8.438884365894301 -0.20769201720283137
13.333025562080712 8.469316721394879 -0.09797279004535264
13.13331161882956 8.47793236263089 0.01174643711212564
12.933855173176 8.464627675859669 0.12146566426960437
12.737054935589326 8.429562666396382 0.23118489142708265
12.545277672351325 8.373159034352202 0.3409041185845614
12.360829742264269 8.296095103168852 0.45062334574203966
12.185929359833528 8.199297661940209 0.5603425728995184
12.022679918494426 8.083930819627078 0.6700618000569971
12.183927820258237 8.202196437491967 0.6482703448115528
12.183927820258237 8.202196437491967 0.6482703448115528
12.102375283436023 8.140422124747037 0.6482703448115528
11.94294940923416 8.019660414611034 0.6482703448115528
11.783545671098148 7.8988696089491715 0.6546037653131167
11.631879462103203 7.768649604910106 0.7643229924705954
11.495384228942143 7.62260529749917 0.8740422196280742
11.375701495626487 7.462493050157109 0.9837614467855529
11.274270595061504 7.290238410703163 1.0934806739430316
11.19231135928771 7.107912954240803 1.2031999011005103
11.130809449491746 6.9177093699047525 1.312919128257989
11.09050450221143 6.721915091061975 1.422638355415467
11.071881234291531 6.522884786096084 1.5323575825729456
11.075163613564152 6.323012040607503 1.6420768097304244
11.100312165358519 6.124700571585972 1.751796036887903
11.147024447232731 5.930335319740545 1.8615152640453818
11.21473868621821 5.742253767637609 1.9712344912028597
11.302640534834524 5.562717828581757 2.0809537183603384
11.409672864625103 5.3938866443105065 2.190672945517817
11.534548479434513 5.23779061864424 2.300392172675295
11.675765595534378 5.096306999368829 2.4101113998327737
11.831625902430279 4.971137302009014 2.5198306269902524
12.000254987146125 4.8637868469996 2.629549854147731
12.179624876358666 4.775546656345268 2.73926908130521
12.367578425285139 4.707477927484094 2.8489883084626886
12.561855260017476 4.660399271075741 2.9587075356201664
12.760118961314443 4.634876866195732 3.068426762777645
12.959985162932954 4.631217651331749 -3.1050393172444624
12.76 4.63 -3.141592653589793
12.76 4.63 3.141592653589793
