9.83 17.77 3.141592653589793
9.83 17.77 3.141592653589793
9.997352507039704 17.766123761243136 3.1165825529612317
10.197289959786762 17.761122262565994 3.1165825529612317
10.397227412533821 17.75612076388885 3.1165825529612317
10.597164865280881 17.751119265211706 3.1165825529612317
10.79710231802794 17.746117766534564 3.1165825529612317
10.997039770775 17.74111626785742 3.1165825529612317
11.196977223522058 17.736114769180276 3.1165825529612317
11.396719452402936 17.74048304073555 -3.0290653509090797
11.59185158986051 17.782767441246968 -2.8273261775442666
11.59185158986051 17.782767441246968 -2.8273261775442666
11.662325472008808 17.80282687918352 -2.9012532973061953
11.4651826103804 17.771157875290186 -3.08267274290853
11.2656972471691 17.779531133904808 2.9987733909062433
11.071935311256293 17.827706166719462 2.7970342175414302
10.891755951308404 17.91372895349216 2.595295044176617
10.732467395176178 18.03411033693945 2.393555870811804
10.600530521966784 18.183967545918865 2.191816697446991
10.50129680330054 18.35722224477301 1.990077524082178
10.438791243077448 18.546847075785642 1.788338350717365
10.4155491199009 18.745150694778385 1.5865991773525518
10.432513154024525 18.944089738562212 1.384860003987738
10.480289695603778 19.138210792172515 1.374704871533659
10.49927307262879 19.336967309026928 1.576444044898473
10.478045912788268 19.53549672568974 1.778183218263286
10.417469207711795 19.725746520426686 1.979922391628099
10.32 19.9 2.181661564992912
10.32 19.9 2.181661564992912
