18.91 10.62 1.5707963267948966
18.91 10.62 1.5707963267948966
18.909476006855492 10.574221205681988 1.5479049304451777
18.894916701747952 10.374835387704431 1.447904930445178
18.860524765082772 10.177899173492285 1.3479049304451785
18.80664382972265 9.9853802845995 1.247904930445178
18.73381225616303 9.799202306125611 1.1479049304451774
18.642757753412013 9.621225466889271 1.0479049304451777
18.534390107962462 9.453228052636804 0.9479049304451781
18.40979209350613 9.296888637998865 0.847904930445178
18.27020865221684 9.153769314727572 0.7479049304451779
18.117034455699798 9.025300083792096 0.6479049304451783
17.954015606712396 8.909456479583895 0.5990154197493318
17.783478937132184 8.805130442065526 0.4990154197493317
17.603379015796552 8.71835085857556 0.39901541974933163
17.415515341586357 8.649984802026713 0.29901541974933155
17.415515341586357 8.649984802026713 0.29901541974933155
17.319021072171783 8.622867932449267 0.24889413661970083
17.123045616503195 8.583367317880846 0.14889413661970075
16.924476470428242 8.55958357119878 0.11263407970769546
16.725743773372646 8.537104355887545 0.11263407970769546
16.527011076317052 8.51462514057631 0.11263407970769546
16.328278379261455 8.492145925265074 0.11263407970769546
16.12954568220586 8.46966670995384 0.11263407970769546
15.930812985150263 8.447187494642604 0.11263407970769546
15.732080288094668 8.42470827933137 0.11263407970769546
15.533347591039073 8.402229064020133 0.11263407970769546
15.334614893983478 8.379749848708899 0.11263407970769546
15.13588219692788 8.357270633397663 0.11263407970769546
14.937149499872286 8.334791418086429 0.11263407970769546
14.73841680281669 8.312312202775193 0.11263407970769546
14.539666833293657 8.289991669443948 0.10000000000000009
14.34 8.28 0.0
14.34 8.28 0.0
