10.32 19.9 2.181661564992912
10.32 19.9 2.181661564992912
10.40591409498182 19.76714643789153 2.123345630916999
10.510885869461081 19.59690858498368 2.123345630916999
10.615857643940343 19.426670732075827 2.123345630916999
10.720829418419605 19.256432879167978 2.123345630916999
10.825801192898865 19.08619502626013 2.123345630916999
10.930772967378127 18.915957173352275 2.123345630916999
11.035744741857387 18.745719320444426 2.123345630916999
11.14071651633665 18.575481467536573 2.123345630916999
11.24568829081591 18.405243614628723 2.123345630916999
11.351224597682732 18.235360605440846 2.1491681759885957
11.468741295508652 18.073630881803275 2.249168175988596
11.601816930219247 17.92444122659164 2.349168175988596
11.749121854061446 17.789282293525275 2.4491681759885964
11.90918424492875 17.669504545985777 2.549168175988596
12.080404812321207 17.5663047636333 2.6491681759885957
12.261072776927428 17.480714084579798 2.749168175988596
12.449382964165952 17.413587702597855 2.849168175988596
12.643453840892965 17.3655963223072 2.9491681759885964
12.841346315059516 17.337219457715864 3.049168175988596
12.841346315059516 17.337219457715864 3.049168175988596
12.974991440415039 17.329332098576405 3.1161195137497435
13.174847988887347 17.334234935360325 -3.067065793429843
13.373216620127982 17.359065640455235 -2.9670657934298426
13.568115300345541 17.403576113663767 -2.867065793429843
13.76027377172296 17.459029560319234 -2.860423249265625
13.952420093676821 17.514525424666083 -2.860423249265625
14.14456641563068 17.57002128901293 -2.860423249265625
14.33671273758454 17.62551715335978 -2.860423249265625
14.528859059538398 17.68101301770663 -2.860423249265625
14.722661338409877 17.730133155682484 -2.941592653589793
14.920333166706342 17.76000833055605 -3.0415926535897935
15.12 17.77 -3.141592653589793
15.12 17.77 3.141592653589793
