2.0 4.73 3.141592653589793
2.0 4.73 3.141592653589793
2.0763048419432164 4.735856730192528 -2.9883843012745737
2.273441885895612 4.769573789313214 -2.971856649427823
2.4703509558580716 4.804472351735497 -2.9044719492745306
2.6503402671023117 4.888575567110307 -2.5044719492745307
2.6503402671023117 4.888575567110307 -2.5044719492745307
2.6253492868181576 4.871231514422257 -2.5653209700976527
2.4405786464697483 4.798229367441527 -2.965320970097653
2.63281831149799 4.852179486132532 -2.970625333155483
2.8314039193340346 4.846412393368742 2.912559974024103
3.0152908288456746 4.769469502998558 2.7415926535897928
3.21 4.73 -3.141592653589793
3.21 4.73 3.141592653589793
